episode,score
1,-212.46146489749748
2,-234.46789668210494
3,-83.2888895610221
4,-93.28411134760844
5,-78.53348897286101
6,-177.7203268721151
7,-129.3670268751612
8,-271.3329451957939
9,-87.4769762947385
10,-161.0519247686838
11,-180.36335836547542
12,-232.08493351202515
13,-157.1506797918898
14,-62.302571171680434
15,-142.8283807882512
16,-61.29276866096798
17,-152.63202776061422
18,-112.218091187056
19,-134.67951492216972
20,-111.00251329072398
21,-104.7955246314398
22,-136.52894126479475
23,-126.43284914566841
24,-106.87813671148271
25,-239.0444170858599
26,-41.51254121209132
27,-53.78905508696464
28,-76.9106263742723
29,-92.00480917196938
30,-111.9513501242425
31,-124.93165667926831
32,-22.47356055195135
33,-199.9161076590613
34,-166.43316952208818
35,-175.75374613018056
36,-178.0778260764492
37,-73.65997253103747
38,-107.6668994073655
39,-268.5712190216568
40,-50.46924886364282
41,-61.29245724185675
42,-208.2890199811685
43,-144.1077705121985
44,-148.1706021672619
45,-204.0025243991865
46,-105.57163228954342
47,-93.15890841913522
48,-61.7818521446096
49,-89.47945313910719
50,-83.6270817731465
51,-213.6788611621492
52,-333.5825028797234
53,-71.16622201497304
54,-57.74456033462751
55,-188.31651059653413
56,-102.91596932697617
57,-98.79799558384236
58,-71.02482087204467
59,-85.79532987838884
60,-195.9594637760227
61,-138.01796877415188
62,-16.84129525237921
63,-52.16661134681138
64,-62.01619045119262
65,-91.98310765817752
66,-170.21637227688177
67,43.506288209091366
68,-80.14268953630697
69,-130.00960761108632
70,-84.96576267797184
71,-84.73657734544607
72,-103.1390547404607
73,-103.22865950604853
74,-107.68136973469049
75,-62.04133350891463
76,-218.3886707156314
77,-45.80018610371179
78,-37.98756034829782
79,-103.2690988588345
80,-44.39377044078681
81,-106.30072417166731
82,-32.649244291297876
83,-100.12698485656296
84,-115.91910710760708
85,-98.41511207497209
86,-63.093941412134356
87,-96.3152243236382
88,-81.94298524642593
89,-175.44077206714007
90,-113.56630491463171
91,-105.55741651062812
92,-125.9402419271448
93,-4.87799356851815
94,-109.90699159050342
95,-182.42029259594312
96,-109.15835586114665
97,-39.57110683648774
98,-64.25072979475883
99,-88.25588769096314
100,-18.199211177823344
101,-142.94385173847724
102,-89.17094351107102
103,-75.89800104286807
104,-65.79052498917628
105,-58.10267298921028
106,17.254609095880127
107,-110.07192036665275
108,-35.87868910864273
109,-58.84655634787603
110,-34.8545343168924
111,-67.62183829133537
112,-66.18777069946424
113,-131.9519528340848
114,-37.1556569944305
115,-128.2512061943279
116,-105.40921022393364
117,36.57508904629947
118,-2.719134092484211
119,-166.40993212353624
120,-38.48971843603567
121,-62.929513194133875
122,-98.9015944036472
123,-42.43647636360873
124,-40.01100330775773
125,8.84115321884417
126,-4.529859231944016
127,-93.72276416464618
128,-48.49377312052022
129,-203.31113755380437
130,-73.02675895916332
131,7.065890012408673
132,-87.99460366481208
133,-30.289549196818825
134,-80.64011049616062
135,30.38006489498332
136,-68.46586410376659
137,-14.340496845703214
138,-43.988736468428826
139,-90.67736628196843
140,-44.30515230274786
141,-116.46365050571652
142,4.070606907323949
143,-114.60869104840647
144,-16.52133315919872
145,-79.1293626306414
146,-86.33144373204634
147,-91.05039763467296
148,-73.02478927824747
149,-23.43364815045399
150,-4.517376165127416
151,-21.163815649936353
152,-64.92916428632779
153,-267.963887452912
154,-5.2034912481032904
155,-257.4467111424275
156,-131.95035540572445
157,22.875031294393224
158,-95.86888430990045
159,-10.490748250239974
160,-53.506956977911095
161,-67.94236957482006
162,-49.209710701239175
163,-225.12215426382798
164,-328.8072405374076
165,-60.459103605399854
166,-90.10406205704287
167,-65.51132666847043
168,-32.81090799092664
169,-84.53711826109044
170,-53.89905330584669
171,-129.31449757786422
172,-49.4085583446755
173,-308.1277156234474
174,-16.1027475382014
175,-21.552113459136592
176,-77.1514938374122
177,-291.6532688438223
178,-109.75236013684349
179,-22.501962942361416
180,-24.700738930903142
181,-299.6008858135492
182,-74.20411266878683
183,-232.69903906989438
184,-231.94651228987826
185,8.047656125982314
186,-5.6898596183794865
187,-56.85715110644719
188,1.7954970897623497
189,-159.2966560328541
190,-27.439787764656245
191,-75.61907696924372
192,-309.4000698667573
193,-87.75263149286423
194,-93.83384422586532
195,-232.0409171266221
196,13.760678042983812
197,-86.07842684501364
198,-375.0585555493066
199,-32.51909762287079
200,-97.29474749972225
201,-159.83684891099952
202,-19.42449212761619
203,47.48389313569652
204,-92.64004288018816
205,-279.60389741708866
206,-69.12211672799657
207,17.326160133562638
208,-255.20006722682498
209,-101.56396596118915
210,-41.66957190255405
211,-212.15143818024137
212,-110.84659318304118
213,-70.78215576996392
214,32.87200538488324
215,28.849689742442024
216,8.211850508201024
217,-44.12769268744915
218,-305.33399302723933
219,-68.93246548996005
220,-177.8168702854189
221,-44.43501564905617
222,-98.08202023288307
223,1.8504548088991217
224,-9.487152387181554
225,-6.456688549420889
226,-247.53564569399498
227,-25.25755963783477
228,-296.37214172677795
229,-72.02814926437273
230,-75.93951410426438
231,-320.2967680752574
232,-65.07996823894808
233,-219.1607762496464
234,-251.34666730049616
235,-58.72711313819875
236,-181.91795199362835
237,-13.310568840955625
238,-100.44459892301285
239,48.26406538173291
240,-29.480141746073542
241,-257.8834163466153
242,17.84105830559902
243,-58.37618205447005
244,16.029214225276696
245,-87.03071203213486
246,-224.4488980618933
247,-18.95005385946577
248,-25.584077856591428
249,88.38809210161033
250,-88.82495193309498
251,4.280831062882794
252,43.44273728370903
253,-46.31662109690539
254,-47.28427237166915
255,100.28947482746742
256,21.973977285701462
257,-43.57788113994017
258,26.447719544498725
259,-97.88831202543422
260,-8.743314936507645
261,13.69421390384588
262,45.13196718678315
263,-96.80251584677306
264,-86.92415535623641
265,30.33665852978129
266,-192.2589685876303
267,69.25773230365411
268,42.906383814464725
269,-44.98144524960508
270,46.93092117054252
271,-12.938032687630582
272,5.593940190951315
273,27.507163945011676
274,28.555820238682543
275,-23.300895076706727
276,87.77471001463654
277,28.512816849243222
278,-59.07944791158215
279,10.175029192998949
280,54.09583379314416
281,8.610427932528964
282,-44.72056669089901
283,-259.9721723954096
284,13.483956510500434
285,-36.77607495236106
286,-83.30824738649373
287,85.85524462173977
288,-232.3280066056592
289,-164.73836210520767
290,-33.21538562726204
291,-213.52963701220733
292,-20.106269630444842
293,-38.248570522252706
294,-51.98821025333286
295,-48.18174922232616
296,-15.112083158703417
297,229.3720336968229
298,50.15551590222071
299,-51.816762958202574
300,-121.65849107318222
301,8.582958278388391
302,-72.54668910175442
303,-40.0177556377726
304,-305.37118707082186
305,-113.22613957139782
306,-103.3566416644077
307,-146.59699087355287
308,-337.6493065987436
309,-133.00050180105197
310,-70.60326921435866
311,-67.61630314334074
312,-256.31467445410823
313,18.387667427021533
314,-82.5646226391327
315,-8.19205170039651
316,-137.43883123196926
317,21.476462664469274
318,-265.0504859172237
319,40.80179016577258
320,-96.69377697929436
321,-116.17629831926185
322,-76.06538395561297
323,-320.1243544271527
324,-64.12737594657496
325,-68.59854021627444
326,-74.61223972961837
327,-85.99120468900362
328,-60.26418137498236
329,23.874925726564307
330,152.61197773778704
331,-75.9214255001612
332,-98.53871342556431
333,-107.91940128474887
334,-57.49018773401757
335,-61.45229826314327
336,-671.0978212464488
337,-44.03103465266926
338,-172.35938760181907
339,-192.73524582443704
340,-47.589810857632074
341,-31.362601766596853
342,-6.576037370349973
343,-48.27486466196657
344,-48.425328175078675
345,-101.13956253143881
346,-40.489276867613285
347,-158.76769548686235
348,-28.6150387023042
349,-141.9009223525531
350,35.28299750788405
351,28.52510567648136
352,-47.72729860109321
353,-36.51539473028035
354,-51.52451362237125
355,-138.94857458609124
356,-189.14631024673167
357,-20.906475391831094
358,-38.23180694727021
359,-68.10261845815438
360,-27.835944671007923
361,16.281291079220065
362,-232.68179092752456
363,-107.45276513928965
364,-157.25689371388438
365,-71.17754487319066
366,-62.88489909894919
367,-75.6578962126753
368,14.721285929123695
369,-87.62965415665202
370,89.60904246282239
371,2.948403386108211
372,-42.289313759149834
373,-60.07189856365274
374,-107.37634289980598
375,-49.9668054970186
376,-170.5845945087707
377,-91.44172942407928
378,-19.804566670738676
379,-206.77524262629908
380,-34.91040772686014
381,-104.33037240049617
382,60.25130059924973
383,-40.2849159697348
384,232.85960346558608
385,-220.20571980633224
386,14.893681749727337
387,120.17413268058505
388,-152.23427645937
389,-99.2174072042116
390,2.693302014716556
391,7.081109196559007
392,8.945861446343033
393,180.68997765554658
394,-24.41919059880665
395,143.2510024041305
396,-101.29128325131848
397,42.75947689402235
398,-180.37178997738596
399,128.79974443367297
400,243.408381392988
401,-79.14305273049011
402,-59.66306406141071
403,-76.58505255680294
404,-74.62383394724682
405,-107.36962982549538
406,-103.63682100042473
407,176.2499070567544
408,-30.12267385925273
409,-216.55287917062373
410,-44.79800351197274
411,-10.822999881517333
412,-31.877615964603333
413,229.63550859977207
414,-19.213889927696172
415,190.15857432162477
416,-63.463351089521154
417,75.9105888343811
418,170.5861603297895
419,222.03181905934397
420,208.10588715538955
421,208.9671681571542
422,-43.35980096410249
423,-101.12077801457504
424,-51.30600003256429
425,-83.1398181398418
426,-41.85672512995376
427,202.86825065211468
428,160.2840667528559
429,15.532881154751095
430,-85.55473117707032
431,-52.94900084978853
432,-60.933455139086576
433,-81.54085913166415
434,225.58695856622248
435,5.225785447035037
436,-152.28870048123528
437,152.4798662711073
438,-32.56526568931586
439,-27.160123525119545
440,211.88919992388156
441,-2.212764340289411
442,-73.90741675248537
443,-46.21359773322489
444,79.64602942709
445,-17.13663013509732
446,-26.866994474351415
447,239.43336026607074
448,-47.085062049273574
449,102.69669752561371
450,224.94964754649462
451,-347.8393496227934
452,226.92482426809957
453,227.18491499459356
454,-42.87186059045129
455,-6.059074436493063
456,-39.594508278759605
457,-583.7748667438245
458,98.6317032078076
459,202.25275257572423
460,-37.458706617565554
461,-198.00378845814276
462,-16.649724123250053
463,243.56988919639673
464,211.16036419457643
465,208.3302541953617
466,-42.71765944049689
467,186.04715666377024
468,-62.890274891818244
469,-68.54329113712087
470,128.65480485509207
471,-52.513036520042256
472,205.6584905507294
473,33.80601606136511
474,244.1998872744307
475,195.63553017362233
476,230.7325843825254
477,-16.74244327801513
478,-8.066344130978777
479,-66.18299043335173
480,-17.12660541016473
481,-69.30758804413568
482,-37.7964743846197
483,-343.92743954043283
484,-430.9228439320852
485,11.022017126302202
486,-286.20375314274725
487,271.4118750149202
488,-56.8572254689269
489,-39.46313474023526
490,-482.1234368677691
491,-124.12817079992266
492,243.53320556697582
493,202.88697880920967
494,-109.34603177301072
495,190.60414505808933
496,-36.71450019726336
497,252.87770668356688
498,185.24674968529234
499,-358.3452458684661
500,229.26994065319818
501,-10.246911542861248
502,-83.41136885949659
503,-73.89771430395072
504,-93.11419574866731
505,-131.1720335816988
506,-79.94721516398285
507,-89.1125904682809
508,-112.24305662309156
509,-39.026735392389284
510,-42.080013302776536
511,-342.8182429198539
512,-103.50852793019229
513,-231.844495557741
514,-246.91998739415502
515,-147.87584508828297
516,-315.4287693957607
517,-126.29380480839899
518,-128.20906783506476
519,-228.62758541943623
520,-26.892436056416017
521,-28.314287434649415
522,-56.901704216190225
523,-39.29098750297203
524,-449.59932169302215
525,-134.53184914469136
526,-104.6579752407343
527,-77.22195418964515
528,-295.1250223176596
529,-59.23684411030108
530,-283.85220399035796
531,-28.938533879428686
532,-84.53123105283537
533,-106.19999766861756
534,-215.3875278106251
535,-232.13475410967453
536,42.532760784803116
537,-86.4777165538175
538,142.67236373208218
539,26.433220349839544
540,-0.16323153225884823
541,-314.88501570279954
542,-26.023239436643827
543,-92.70147290270201
544,-40.61975990326065
545,-14.126748203780949
546,-44.4375369532774
547,-15.636597221135593
548,-68.86080517703812
549,-286.849193004331
550,-30.632179444091744
551,-64.86213869323251
552,-439.5214347681192
553,-218.45958355079705
554,-18.48859793703104
555,-56.34840080778748
556,201.2118848915474
557,-64.88593309936309
558,-14.580633343577418
559,-51.265855755535945
560,38.95588451816508
561,224.05651585234511
562,-11.67839919068912
563,-146.19728912272166
564,-63.003402797637854
565,160.00875906172735
566,152.20394919341047
567,180.4708863331968
568,-414.4907185318304
569,204.47172460641661
570,-79.02393744535881
571,83.22092892093161
572,-250.54402856711317
573,-333.00580131025777
574,252.49822567899486
575,-293.83524482885497
576,253.54823702436082
577,241.76854948936497
578,-180.61744178875992
579,-5.003435637216839
580,-368.70174449688767
581,-241.06567473151455
582,251.71964160729803
583,176.10548353372258
584,7.349574319885846
585,19.51941103647286
586,-358.72831144601366
587,-407.909191905852
588,-115.94646257258394
589,239.70390222806017
590,-262.2392914502454
591,-220.09830877867594
592,-273.0784189328775
593,-248.14006750350507
594,-332.0175887013638
595,260.99496904132536
596,255.52341615794603
597,299.10057065857654
598,-174.57424531089077
599,226.5716100481149
600,-59.8389829340304
601,-41.883566313288796
602,-41.25618459883064
603,-164.43464082051287
604,-20.025929572187426
605,252.44380460005937
606,-292.55328134417573
607,-264.17302288486405
608,-79.82240991539642
609,-297.15852146262114
610,203.36587113054685
611,225.42855029645722
612,195.86852876677187
613,-45.228137281501304
614,25.58614960568555
615,245.83246067289198
616,218.14514683928456
617,-27.001769160031863
618,261.618843543668
619,219.48615353871753
620,218.20829102291782
621,179.19155465250543
622,36.22761801156054
623,211.07206751641786
624,-251.4612482082537
625,216.0000939838168
626,-156.3198232316295
627,-208.60626915770132
628,-64.38950477667598
629,-173.02199422084777
630,156.51461913877333
631,-129.98316931217389
632,-210.87392110830808
633,204.92528418718445
634,-193.51091552322143
635,260.0995376335409
636,267.31689338243064
637,287.0158218669535
638,190.35458418970813
639,228.63443175854817
640,251.3131254970651
641,234.03263912992176
642,269.20817835532836
643,-85.1137536986502
644,245.32161273961538
645,250.21738990800893
646,-218.21856483561072
647,227.55858169773535
648,-34.05723245861593
649,269.25289567030495
650,9.580743446962515
651,215.66550136464159
652,283.29712305915905
653,247.1757650328297
654,-60.998605432899296
655,-121.1399900601434
656,214.7941156054909
657,-126.50105036841386
658,241.9541836812833
659,248.29180742788077
660,-78.88691687955594
661,-104.40205371995225
662,-83.02872636204125
663,-31.26129357206858
664,-175.05527094175227
665,167.46467196770772
666,-104.9480161839059
667,-94.63670827497268
668,-84.74632904797743
669,-120.24099672934945
670,-53.10754332230675
671,-79.96884656582357
672,-320.70371050901673
673,224.65005217451892
674,-115.20294797032957
675,-154.21230050951124
676,199.72645309556586
677,-57.94870371630542
678,-4.168550147408155
679,-35.13454968070141
680,-151.9203893901166
681,-23.26498569200784
682,-185.90934401173214
683,46.35095553550009
684,183.14776608527495
685,259.03757919074496
686,-227.28941806502527
687,-64.33616229083049
688,-112.90272328767148
689,-134.70019674727362
690,-102.12446197743198
691,-149.40492125975084
692,231.36837268706228
693,-301.4144874854138
694,-99.12893400920538
695,303.85222267259695
696,-169.80253509562567
697,-109.15444675955443
698,-284.9923206797763
699,233.86449650323485
700,239.92809907006
701,249.31549606332527
702,279.26883523515164
703,-206.15425155222974
704,240.54851080128307
705,-214.51839807472663
706,187.34939248743507
707,3.542372679416431
708,200.1388041469296
709,277.6486630991841
710,70.20239148583943
711,54.101288598920405
712,232.72175699680656
713,-16.403454903372975
714,-187.41799320207238
715,-149.3503346390648
716,-60.95947612024142
717,252.1195846191545
718,-242.47588878274954
719,-28.416805079986162
720,206.859816518424
721,215.8309284899236
722,-165.23732277254072
723,239.613811222939
724,-248.2272054306039
725,236.0544776278005
726,-340.210222841047
727,253.54811530688048
728,242.1352935137464
729,216.09393634777234
730,-119.24086235905928
731,-155.34518464376634
732,246.91342550579196
733,252.17396289571292
734,-106.10297133046463
735,144.81656662603677
736,223.00015265262977
737,257.1073047542219
738,-481.67805590486995
739,228.80027631869098
740,231.90273477250153
741,255.96127131303268
742,236.49437919318837
743,-42.39444549106628
744,-110.56673882634351
745,243.86291803215306
746,13.274378233488164
747,222.01591790911408
748,223.53955563839685
749,227.4173556802133
750,-92.77905781190266
751,-71.641057820502
752,210.81682441151798
753,254.11235371092587
754,-53.27624464711495
755,241.19416854931868
756,230.3947754568478
757,229.98632853015442
758,209.19811606625106
759,263.28862453333693
760,236.31537416953978
761,155.3311632876202
762,192.71689615992352
763,232.90211628394601
764,224.9597215195542
765,253.72376772933555
766,-98.39607377516458
767,-388.9352258020159
768,236.02252379319933
769,299.0597588667491
770,230.3353412491786
771,235.59893430396977
772,243.87408610386484
773,236.80927707924923
774,-294.6321139577319
775,-97.65800970939898
776,-154.87337188574017
777,237.17730909402147
778,211.81713833699462
779,201.98621087930695
780,-26.904635640929527
781,-138.07314258383994
782,-179.60175295417474
783,0.10161490071210721
784,235.4220678465298
785,223.59517487373208
786,20.712682787554826
787,-113.39243984176608
788,-102.93623739870634
789,223.35835843300623
790,240.89423389344424
791,234.02412634113773
792,250.00333610443954
793,-66.33423940944395
794,-40.76269763259781
795,248.49403277833244
796,218.41908117306627
797,236.6462811056198
798,276.2881706813043
799,233.34093856796966
800,237.61051939888864
801,200.860767017419
802,263.97119754465587
803,-78.36399916914051
804,-86.018571821536
805,-73.22923236944285
806,247.6955893306142
807,-61.65112416997141
808,-54.40920828453996
809,238.5727559163443
810,-117.4141253165165
811,235.75815971976257
812,234.6444016436883
813,221.94662955801806
814,286.0627294199803
815,224.5825430447568
816,-57.13462134378646
817,216.90999515774269
818,-81.76662704184949
819,267.58267643140505
820,221.86056524895815
821,244.5028254549718
822,213.64076565301366
823,224.03043452895423
824,-19.897323203283207
825,229.78562469300743
826,238.4484757735464
827,244.56817824569885
828,252.415585467637
829,-282.3675260748825
830,-26.141118954087688
831,264.76084878981663
832,254.3671110109925
833,208.60827807714207
834,-96.42719793767951
835,-300.19114090570304
836,249.98239127770893
837,-38.99672457058144
838,230.31177825180268
839,236.81909387728732
840,234.1046513862996
841,258.898547169446
842,235.23434877177732
843,203.12666705906307
844,232.68274951169488
845,292.02161020554547
846,168.40582247013066
847,221.03278499277013
848,265.2273744827719
849,233.71710075467263
850,-37.02576782791168
851,-95.51612438554588
852,-18.108642427317392
853,281.25895213412014
854,222.05395640949382
855,287.90084672559453
856,-261.78227099101025
857,-303.77735534129164
858,209.86550282075765
859,-75.53948069075102
860,-45.56959412850976
861,252.57361857314075
862,240.06766256806284
863,244.20800992054845
864,-319.29435045458695
865,-189.2067911779448
866,-36.76341087186197
867,50.87118701737805
868,-228.18331501554223
869,283.43596376469975
870,-162.3819629757259
871,-79.94873132639958
872,-231.8530849353275
873,20.742140055016023
874,269.07370842195326
875,-227.93699093462885
876,249.97663636003594
877,267.7662391495261
878,-33.306827131907625
879,183.8176217720246
880,324.1774399251117
881,263.98510669046686
882,299.8008851996011
883,-61.18221088058834
884,-253.5632274371728
885,-93.09480526519404
886,-40.357362753923795
887,277.9246042346588
888,272.6221322607861
889,-14.886538307896956
890,209.98343191010846
891,253.96546194653644
892,-56.21906744532062
893,-34.2256482022503
894,-114.39793963827705
895,298.0798632056543
896,213.7970687285262
897,283.9571131546745
898,-48.24892751226105
899,-46.79531432463672
900,-47.33769215119892
901,-220.54457081992075
902,205.73000170632952
903,214.2940408818007
904,243.61518699162897
905,317.19936250313623
906,176.00976100164795
907,275.4885066010754
908,222.86483849584977
909,180.8222710034596
910,250.45009652186363
911,230.68274146681998
912,237.06048261784278
913,-137.4751038890941
914,-121.31605297227601
915,-134.2586917465489
916,-137.69277597299094
917,-89.48485863390029
918,235.1530867953794
919,256.39535312233295
920,-195.9722572554711
921,228.07242273447005
922,249.38471600566174
923,238.77081693279428
924,232.7656432610328
925,245.83032096415673
926,268.37883713790495
927,257.8575081978994
928,-81.53687622710649
929,195.3922418240948
930,257.717118482548
931,254.60085534088148
932,253.93739380434448
933,-31.458633467898792
934,-184.11349937513694
935,277.07097752579045
936,-38.48399607503657
937,-24.60308127769659
938,258.72465590172897
939,-159.86238508402784
940,-146.74021589753323
941,183.08393188049536
942,262.9874748962036
943,261.49892671751877
944,286.793481797273
945,286.6611401284923
946,285.2770684517018
947,279.6728915242751
948,267.08497300949
949,260.28792896791884
950,288.79629543316105
951,270.1010171419083
952,58.362473491706055
953,8.780913366337941
954,-68.75998878171202
955,221.67205450861047
956,-82.05232139617819
957,271.0359687399207
958,249.3395035700148
959,304.32261786664566
960,184.736351717361
961,265.31635182116736
962,234.44276113390583
963,235.25406585746882
964,265.0265940405326
965,110.48326594005319
966,-318.84788222099706
967,223.14349408612202
968,-215.50669598088604
969,227.1192032261201
970,233.27241386793676
971,240.2164820157636
972,241.664030155516
973,285.16223254177896
974,230.12565646889308
975,-43.41185963306745
976,-273.8276069810284
977,33.360120887087504
978,14.410444744507316
979,265.86936383636635
980,228.62053127269525
981,275.58326711533635
982,251.19070645509638
983,277.6729947438501
984,278.74881075284526
985,-30.2632406153445
986,41.97545642237665
987,-20.273880791080927
988,246.87077324136516
989,-86.06372681380185
990,-6.765449991745825
991,60.459821259007526
992,263.5120532100367
993,226.61022969634797
994,1.9841629639893625
995,185.49912031129384
996,-18.85076348242002
997,275.82536404505413
998,-17.390294209267978
999,250.86698319874125
1000,-2.3977886801001063
1001,304.5105101960172
1002,116.5894823285118
1003,-39.8541017699861
1004,-90.80347541591
1005,252.9126914009231
1006,-249.39158237802576
1007,6.633575037708368
1008,201.49204354813367
1009,256.81111437785347
1010,257.8180131038515
1011,234.09150373787722
1012,248.2817818324013
1013,259.88852963819545
1014,295.50667520060483
1015,252.2677781729695
1016,283.05819123864086
1017,-240.25088088365487
1018,216.857838057714
1019,236.4371577285097
1020,244.34003074720601
1021,233.7487646276122
1022,260.93544168370954
1023,270.7858625908418
1024,-213.9781107542044
1025,252.62870361171346
1026,223.0379659022433
1027,240.78892983587517
1028,234.513082629772
1029,218.14547888542572
1030,289.1947418058141
1031,-226.7440439234579
1032,242.64453143699416
1033,237.21634093441455
1034,240.9076680117435
1035,222.3693980030601
1036,274.0019092358531
1037,259.8655587307444
1038,-3.8772814186239657
1039,276.35522254887906
1040,215.98557880248717
1041,272.29385693053405
1042,217.39467510627043
1043,260.1345697295252
1044,250.4701406892591
1045,219.94777799016452
1046,260.21661961769996
1047,242.72576149876306
1048,273.0770663718889
1049,5.6689217847766855
1050,248.3685090805152
1051,251.29693349419506
1052,237.84063710042273
1053,285.80446095870695
1054,275.16156068853917
1055,243.7862133004652
1056,-170.7017481544272
1057,23.149210209259905
1058,221.47879510109627
1059,224.9059711304255
1060,242.99770664582385
1061,18.15138327064541
1062,-198.68624268806235
1063,212.3833952069911
1064,288.44375780799237
1065,-52.74935511614905
1066,54.991325228046264
1067,266.5772066478303
1068,224.2485940648985
1069,-373.2371783540506
1070,236.01660125208295
1071,249.1347814237734
1072,241.0750973915146
1073,-228.55216968181975
1074,210.53433973304195
1075,228.10383602099714
1076,286.40810288747286
1077,-249.07793063145618
1078,245.70140889568668
1079,-96.93739415872497
1080,-63.342254866523234
1081,286.6410874785453
1082,263.25372929778825
1083,232.26401407194842
1084,239.48982886402888
1085,21.055148718526482
1086,242.55561191477494
1087,36.67164753131556
1088,5.367292974275472
1089,-105.84811500068025
1090,264.4011822438637
1091,260.7030916635554
1092,252.97291798591667
1093,-233.64544771357063
1094,265.7732170991246
1095,258.9237676481563
1096,300.4644607225207
1097,236.54687232733184
1098,231.43300688098896
1099,258.289048033501
1100,235.68785993504943
1101,290.44075422315314
1102,257.78972552785734
1103,269.3847165440558
1104,214.6071670088956
1105,290.348400980317
1106,286.86030048731436
1107,71.58052710020925
1108,42.0872747809436
1109,294.6081420709513
1110,282.29816731775895
1111,266.9793267639333
1112,277.91151410286534
1113,258.3146361068072
1114,289.85629695869
1115,131.12008954330025
1116,258.98475000109823
1117,17.99806108636453
1118,264.06191799563334
1119,256.9058486197409
1120,264.0072576794062
1121,241.43649589558697
1122,227.62081732168488
1123,226.50052946321875
1124,310.9065071559105
1125,260.189844671149
1126,247.68076373724318
1127,24.48979785890522
1128,288.00562076076534
1129,253.694680214275
1130,255.22149181227724
1131,220.3490763490397
1132,-39.74828360637409
1133,262.511853123137
1134,-2.4666336309207963
1135,269.96318162193313
1136,269.2562054168322
1137,263.52563461536135
1138,258.2401226232429
1139,193.59741944378075
1140,-238.9933571116205
1141,253.98072528965716
1142,-15.511876454267252
1143,242.81800603637882
1144,218.34366453150585
1145,-409.76833946288144
1146,279.50734620173046
1147,233.08044421051198
1148,294.71865640403325
1149,285.94418493322667
1150,275.57742185078547
1151,-407.4260298599623
1152,247.62124714877635
1153,253.40331176626418
1154,238.1289564239526
1155,220.00471530951103
1156,304.0189074204735
1157,54.79778034452869
1158,263.06448253699904
1159,273.276732028403
1160,281.36378766676796
1161,217.16093917863185
1162,251.86740204071427
1163,281.5486693725082
1164,219.48061117503542
1165,205.83977162969316
1166,248.03056627384666
1167,269.22013950697925
1168,273.66322220086244
1169,244.9809162594637
1170,308.0445078383318
1171,255.7439341280949
1172,269.3434327431031
1173,277.8729199550178
1174,254.56827814247455
1175,299.1322680109878
1176,257.49911977631297
1177,-400.02131880592015
1178,241.5008721548835
1179,-61.15987579402601
1180,-259.1415540495019
1181,259.67772185208287
1182,273.20317749803894
1183,234.8020028278096
1184,234.88883624085608
1185,254.6217081849079
1186,262.4435183045616
1187,227.80643612789027
1188,-54.356271964389904
1189,264.42730508257785
1190,269.15588480424424
1191,275.4587773139126
1192,-218.07444168768816
1193,-259.71379100227983
1194,227.32782299134044
1195,268.87068151399274
1196,218.07563153638105
1197,94.2177033426639
1198,-5.548827241070095
1199,-74.33567952906286
1200,257.6361335910955
1201,194.37383030251374
1202,263.4532430796012
1203,245.55759668854324
1204,254.8308227655629
1205,278.3421591487262
1206,245.85984532568187
1207,-57.17837854050235
1208,-152.8638847227366
1209,22.00110588970888
1210,277.0180670434048
1211,129.63277429254393
1212,253.75759911201138
1213,-56.65745477529962
1214,239.4793575363334
1215,249.99526536233017
1216,269.38289453421964
1217,221.061462189643
1218,276.36317915913867
1219,256.67997809081135
1220,277.48721978327694
1221,-114.82412654668677
1222,289.1134288460061
1223,260.3149919667495
1224,259.3878294953988
1225,266.34084120743285
1226,282.62839012794376
1227,266.5865477132601
1228,247.54570241973258
1229,130.93125586674117
1230,1.595416871290567
1231,257.8450411906697
1232,3.5921236573045974
1233,-76.54411463474364
1234,274.11983398987405
1235,263.86182605965354
1236,-6.794464754612278
1237,-179.02564722638772
1238,281.60176423667224
1239,280.84164510440377
1240,-69.22705573295002
1241,270.29871679330085
1242,273.2590071071688
1243,256.6479277614907
1244,272.9702753632944
1245,271.0693145642406
1246,271.51711709243244
1247,280.94083823635975
1248,276.67828885453287
1249,271.23287527077923
1250,-183.09185103187264
1251,-8.034841583495947
1252,275.92895834391527
1253,250.7579533750004
1254,271.0138693318195
1255,249.3194594940259
1256,-179.15074762107568
1257,279.9364348672957
1258,16.764923380543593
1259,249.25323031075882
1260,-14.69932546767427
1261,276.309157694156
1262,221.9546076984021
1263,-40.526929922223225
1264,267.3851484424914
1265,252.38005956425474
1266,-305.7387293577327
1267,-215.1752809535618
1268,254.67879855334502
1269,-168.75941812591918
1270,-23.585808302591587
1271,263.8764873447915
1272,-305.8784790117288
1273,264.53704994291365
1274,264.20061804839077
1275,-234.29734722806953
1276,287.76611282603983
1277,301.5549795884717
1278,-116.35490351745517
1279,-66.93236687705243
1280,-9.993561676229902
1281,-62.47540714019159
1282,234.32059284365369
1283,262.1835532642479
1284,274.58321038771766
1285,-3.426349367728914
1286,30.481129986020502
1287,245.12583257300514
1288,270.9530369198425
1289,-137.46461972158886
1290,219.30673364631832
1291,-10.904806773904525
1292,258.30215024678057
1293,-40.35990115211894
1294,242.67244719238516
1295,6.330376631095476
1296,265.8199152016856
1297,288.73008524705773
1298,261.38410847005207
1299,289.3914096197266
1300,-220.21416115226148
1301,-25.35711726429045
1302,-269.35329045007825
1303,-189.89266979270536
1304,258.5256012697568
1305,119.78887161175491
1306,-823.5245338821973
1307,194.81073112790295
1308,-216.59258728228713
1309,20.680824594696958
1310,271.0899593598803
1311,-182.7227368235469
1312,276.6085131288548
1313,240.02108265637915
1314,-42.40649131761154
1315,-3.1023401340883225
1316,218.49991302869444
1317,-204.8929917294961
1318,252.41080305663036
1319,-66.35443483405025
1320,-227.5870815758766
1321,-13.454919702061048
1322,197.1985936029136
1323,208.77832185368425
1324,202.8044291400485
1325,217.7965912059036
1326,247.45837622951328
1327,255.1936348757698
1328,282.8511520811614
1329,-33.69931415787315
1330,245.70330306345824
1331,270.9571887878895
1332,-33.40375031747614
1333,289.06554861259804
1334,-43.978775533536194
1335,238.51725988622
1336,210.79693168150334
1337,256.6344060038275
1338,267.4422737071185
1339,270.2110001094064
1340,217.67022364007954
1341,-3.3594011855559103
1342,-34.538392416235624
1343,285.2948257778446
1344,270.86533597380054
1345,263.30286872095274
1346,274.29506902093226
1347,243.73803463967022
1348,260.6995992901931
1349,199.96002173430026
1350,267.06416193591326
1351,-49.6994083596222
1352,-65.19200605999289
1353,-148.7018049850426
1354,-136.14870142221756
1355,6.09217184358188
1356,264.0033831478662
1357,265.6983742148827
1358,175.75048079357705
1359,245.40853705488067
1360,55.74505243755593
1361,-300.38854403423807
1362,306.34515664915284
1363,-64.9288377325616
1364,151.7556238716813
1365,42.24353986276802
1366,264.44140690067627
1367,275.77382885731333
1368,231.84796386331192
1369,233.66602171558216
1370,248.47456636119125
1371,-13.242172323330706
1372,295.17832453137976
1373,-299.05542766878705
1374,269.64286674958214
1375,-281.34430236112695
1376,250.1700728051197
1377,292.381803704979
1378,-26.319111868351673
1379,-47.64946354249648
1380,239.23029095573372
1381,258.7937489624419
1382,297.2027890315869
1383,-226.71656749768084
1384,276.0287973314097
1385,-13.309120343406239
1386,-26.619710517715063
1387,228.32027170647473
1388,236.47257463909733
1389,-245.0310524819705
1390,-213.52406677558565
1391,-262.22409442749046
1392,-84.15615474246192
1393,253.97602673879348
1394,33.177932310096054
1395,-265.42948016681635
1396,211.5326836351873
1397,277.75795418887344
1398,-267.61708091326216
1399,259.62735127404136
1400,-236.8843401743593
1401,-97.08500033311806
1402,221.09096099104772
1403,-268.7690341395894
1404,-195.22571650216338
1405,-315.1268126978132
1406,262.5529249723046
1407,273.66691783570076
1408,5.2463052917807005
1409,261.43561147081573
1410,239.13092301900994
1411,38.70831255199272
1412,-191.13839273054276
1413,-179.0803293804654
1414,-207.8196333491245
1415,232.04773149281482
1416,257.4828022369926
1417,-214.11120984503134
1418,-169.9204822436819
1419,-7.866411693258095
1420,223.21298149758525
1421,229.0360796365078
1422,-37.44591808585626
1423,-47.54269556448189
1424,-250.43173518932497
1425,267.6555112562146
1426,264.34898574465615
1427,-12.791915317292144
1428,-230.03516391314176
1429,226.1524214323907
1430,-188.6532057940798
1431,-193.3689366909046
1432,-143.77244030353293
1433,253.37339808474124
1434,124.35077782284716
1435,270.25305981573297
1436,-199.64716247297284
1437,-222.01266901505355
1438,286.17675568109814
1439,263.90410279739615
1440,264.84212136066947
1441,269.3564957668814
1442,256.0690401760828
1443,274.7190412682612
1444,-372.3588215055346
1445,236.8506950622162
1446,266.0585098701313
1447,246.10253323236958
1448,275.1572184691475
1449,250.0543680651585
1450,127.97253581836087
1451,274.97699910078495
1452,258.2705713535469
1453,253.91289739387167
1454,-223.68102326325902
1455,263.9969203695463
1456,-332.58412318211373
1457,266.814777449076
1458,262.2557949722964
1459,-166.85300288064553
1460,254.9860717879132
1461,-177.01467723844854
1462,256.0902131378158
1463,263.4741372999997
1464,-244.59588953656782
1465,296.76397895296225
1466,257.9527472404128
1467,267.10228974315146
1468,281.2505299532987
1469,-131.9676231633731
1470,289.2510593584682
1471,256.86230913365176
1472,264.6711101505806
1473,274.2836148631892
1474,237.35017807681797
1475,246.51404101120886
1476,295.31141683150383
1477,284.9611584828107
1478,278.9123737944077
1479,266.97640245503044
1480,-113.73138303029317
1481,243.49628545054705
1482,-375.59066893524164
1483,-347.8367844329691
1484,-179.85082015101733
1485,253.5201798418022
1486,274.26281555205435
1487,187.84896248779322
1488,263.64523097886655
1489,176.29917841488788
1490,249.7521579324009
1491,279.0359638812132
1492,267.1410822978826
1493,238.50273930544657
1494,-109.75070051856852
1495,283.7484732236742
1496,-272.6467782733404
1497,260.2731971811395
1498,-364.63666173928146
1499,-279.706702840306
1500,235.88075851894945
1501,-149.18060857613688
1502,-220.1164230599144
1503,241.19428890982073
1504,282.5851803888546
1505,248.45745771239874
1506,240.11469697951944
1507,-380.6822515970659
1508,244.20493228595424
1509,261.5951541419525
1510,262.32866161378115
1511,299.94497812527766
1512,279.26822018336935
1513,247.61552466567662
1514,11.198258867700133
1515,268.1804619221731
1516,241.77014896972827
1517,273.5446309641195
1518,284.27353636434947
1519,257.29021308606366
1520,238.64033712361118
1521,253.94758227633972
1522,-389.7389537092611
1523,275.4828278711398
1524,-210.61627643901662
1525,262.923065605254
1526,269.1463954620169
1527,274.5823540712962
1528,-137.66364951351
1529,287.9639254314528
1530,256.0856860091382
1531,276.5853884792105
1532,219.71343888733708
1533,247.1865190178544
1534,-224.64858747284052
1535,262.55387316845827
1536,254.17992414962748
1537,257.5606630528234
1538,272.3884812960017
1539,-558.3658346404256
1540,-80.97593387809934
1541,244.7932054453102
1542,249.02339284361884
1543,259.8605145648995
1544,234.16406393608383
1545,278.58699518488424
1546,265.96867969366167
1547,248.34811135416007
1548,-538.7549688222946
1549,-139.79619119838816
1550,257.687965986588
1551,250.85303206406124
1552,-383.7339198412257
1553,-330.96134522142626
1554,245.52727741391095
1555,-79.33983746247691
1556,287.2354832992112
1557,248.06799625924575
1558,-375.25481681797055
1559,-108.05498256375691
1560,-162.12296025937007
1561,242.8379637847957
1562,281.67375883244824
1563,268.84267717629325
1564,263.4944875818561
1565,286.56433253151556
1566,-30.55517973893285
1567,280.27427603321473
1568,-323.6239388374947
1569,254.23541021458664
1570,231.57437598676032
1571,249.0833300777372
1572,-330.5406620573362
1573,222.70543147624954
1574,256.4907098651803
1575,240.54944765762514
1576,240.10066960021038
1577,206.31977812015623
1578,240.13503267551891
1579,254.28020009419174
1580,262.2099159462066
1581,14.166769480497393
1582,239.69181444860948
1583,276.158445040439
1584,270.8727645413288
1585,250.65856323142154
1586,15.519803262042913
1587,247.63265975200702
1588,-23.568298903257045
1589,239.3111528116144
1590,255.372302686332
1591,257.05796057289535
1592,-186.65964737648764
1593,262.9870632022936
1594,259.35411871345184
1595,256.0901894186941
1596,257.59630939963324
1597,235.84239346729882
1598,247.3481961136049
1599,-203.3029832630148
1600,250.04911314880385
1601,257.7815315761702
1602,-273.0065310208138
1603,243.63068089685524
1604,263.4622159031144
1605,312.4320690176246
1606,258.3926424043599
1607,264.8029623077838
1608,-287.92268930382534
1609,236.438308023289
1610,301.8598036872143
1611,259.46327582210535
1612,260.76252336815253
1613,264.5257471738149
1614,273.1990294857891
1615,276.3248482423277
1616,260.76399261958284
1617,272.4845478862136
1618,294.1060926459961
1619,185.01194308894426
1620,242.7019144130859
1621,285.94197446043904
1622,285.7031760093323
1623,261.28016688712796
1624,260.27479707787245
1625,282.7329217120007
1626,291.2575844828938
1627,274.65615422739046
1628,271.7229032101003
1629,284.39236878561246
1630,280.0492285572484
1631,265.93666458369773
1632,266.5126546507046
1633,264.9754122929562
1634,255.4711542718168
1635,260.78072548052745
1636,271.59139413254906
1637,252.95854344207197
1638,-124.83608774581465
1639,260.14242183667886
1640,277.96913405076225
1641,-75.0302040415544
1642,-251.47285097082033
1643,247.3028059551544
1644,244.17676320028988
1645,33.43471915812438
1646,250.0485257308356
1647,3.3519947842640647
1648,251.57681043437216
1649,-27.60166352296858
1650,229.2025749276074
1651,252.52152865403085
1652,-56.28709695239233
1653,253.18688575240014
1654,236.73984417934523
1655,170.03044540651416
1656,-29.342687550389883
1657,31.279194201754024
1658,-17.15420038152888
1659,260.30415935375026
1660,297.7323791325045
1661,227.13155045063286
1662,230.8896581855495
1663,280.35572485567076
1664,271.85748068819714
1665,-173.4010892020093
1666,249.52334352086052
1667,-24.81671424993408
1668,-97.97881820781555
1669,268.5718672547703
1670,-1.3424797161649025
1671,-30.105796648926685
1672,-112.23817847100494
1673,225.96010185032915
1674,-29.87125233763676
1675,236.37096179246078
1676,239.23239274739507
1677,278.29624119935625
1678,238.35515000095387
1679,229.12368646613808
1680,202.95758511418524
1681,246.7373424324965
1682,273.3224793370631
1683,253.79033101316253
1684,259.5373953665253
1685,282.0812926661727
1686,149.5927408619106
1687,-2.828312104458064
1688,213.41827834273656
1689,-67.64374839148252
1690,248.07112057251535
1691,34.95551924348328
1692,264.6224393971544
1693,254.67235599822112
1694,247.9539592037612
1695,280.7849961254168
1696,268.5466328430263
1697,258.3714341701201
1698,-333.85579203522116
1699,270.28356554031694
1700,238.2053576348786
1701,282.7145706021608
1702,287.4575192729313
1703,284.1172457916209
1704,262.4459767858347
1705,270.33678269716086
1706,-430.7340343086536
1707,246.75498345338508
1708,232.58448165412807
1709,265.574915167427
1710,242.7949415483804
1711,252.99876727433377
1712,219.67288127614086
1713,249.8434878167272
1714,246.38511897243032
1715,-215.587685330896
1716,197.81386991810388
1717,-25.50390942233132
1718,256.60426577799177
1719,255.30604158002558
1720,247.7302386287239
1721,-65.17563401770681
1722,230.32566558821472
1723,259.5065036457414
1724,-8.371373215748548
1725,253.79063199273037
1726,267.99225478926064
1727,280.5344969720568
1728,298.8629403484996
1729,253.7322513376743
1730,214.64523411038581
1731,185.75678215476032
1732,256.0841704718337
1733,270.15833674717817
1734,269.62336473437426
1735,-119.96476068776562
1736,-13.76866682587233
1737,224.3213760329387
1738,269.2979322234391
1739,262.06142811536114
1740,257.20091788570437
1741,254.90734684724137
1742,260.0719226385983
1743,-131.0556967457649
1744,-153.55123000748202
1745,254.67151927773568
1746,221.24240623006042
1747,229.24903857454296
1748,264.7369596332336
1749,233.04470338038766
1750,198.2702647066451
1751,230.555589021486
1752,286.7182503302765
1753,-74.81179835442765
1754,253.58556809069702
1755,281.0610708914657
1756,251.94562098165594
1757,35.2236040104857
1758,273.5254712927427
1759,237.71770588063865
1760,208.86694174612427
1761,242.966116032636
1762,248.5437001009256
1763,207.4362516483783
1764,276.10510141619744
1765,233.08434319504144
1766,229.08985249023056
1767,22.928312444390713
1768,283.17295784947686
1769,246.53027564184248
1770,-12.492373789214113
1771,28.983974893092892
1772,38.75483809178402
1773,255.6015906494854
1774,-3.2871829273280326
1775,247.5462449788928
1776,240.67906320447796
1777,255.12060429114698
1778,220.9118573029067
1779,233.49108732957586
1780,15.666212934526868
1781,261.21836843809706
1782,188.2777241438592
1783,248.16065472802507
1784,270.20686515378713
1785,277.56791373558065
1786,205.57927369475965
1787,284.47154690303796
1788,270.65081424589107
1789,227.3859888976137
1790,229.8700458131918
1791,244.33889714841393
1792,-163.78902663873026
1793,283.17870308788054
1794,-120.46189537643944
1795,276.7263497017151
1796,233.01507544878234
1797,-11.032636372934121
1798,208.87504745147078
1799,261.25391025137185
1800,-252.4497687404018
1801,294.67497040182934
1802,265.29741661790524
1803,217.0475985617693
1804,266.5001976422111
1805,-67.82181386014008
1806,-81.87072618869095
1807,-19.175769084539752
1808,218.90355074364402
1809,245.05787692941126
1810,284.0069986467394
1811,262.0540083401916
1812,273.42745496471673
1813,249.2073261613305
1814,-41.25158907144152
1815,-63.04455679049921
1816,161.1536668776423
1817,-13.191378536474247
1818,-304.9933470256224
1819,112.02589635457433
1820,230.80902688214738
1821,-206.40455794594862
1822,255.72098860775927
1823,29.357811055146527
1824,-91.6420407318727
1825,115.59395634039946
1826,194.68558618175442
1827,-135.92043410990505
1828,55.31830479466922
1829,302.13541229947145
1830,-28.31450905379542
1831,-117.1343136392725
1832,261.4110499138453
1833,271.98444070540666
1834,-23.02899164671964
1835,-249.30715940836575
1836,48.59612752199675
1837,-25.129814597110425
1838,110.33354579583744
1839,-130.44788024117184
1840,-201.1063430981677
1841,-385.80480642155214
1842,120.61912142358754
1843,146.91416632668597
1844,234.63512321401726
1845,-76.68953732748804
1846,12.700076898842568
1847,251.39311396193392
1848,-11.707214472405553
1849,-129.5546749610235
1850,270.93887094516464
1851,-349.47143957950277
1852,238.61777221372557
1853,-122.09995105607103
1854,-177.59082353151848
1855,-41.12939996811538
1856,10.281190140475857
1857,248.7717136955276
1858,282.5048870552654
1859,289.07371228007366
1860,-7.8344851418898855
1861,261.55700621781125
1862,248.76207754429706
1863,271.10982854292365
1864,29.393453934372758
1865,-39.04026917540935
1866,244.00242601755096
1867,250.405583711295
1868,232.18947693451761
1869,-100.7421789524462
1870,-44.33048488334477
1871,257.85790840766913
1872,25.358843903008932
1873,235.24238368826408
1874,241.33276028549415
1875,260.13848301931336
1876,90.81695454124063
1877,-53.705118804652926
1878,-25.073968775891174
1879,3.302163897840046
1880,268.91975678339975
1881,121.26984348277733
1882,-13.168537765900624
1883,-30.497719343786542
1884,28.20715194751935
1885,-306.1001253926804
1886,4.908571984203803
1887,255.25048519617533
1888,-16.819091352920083
1889,-27.30278334711676
1890,-65.6426784542594
1891,248.65864122004768
1892,-53.456283583320996
1893,-50.34235601181357
1894,31.627482764036273
1895,245.64957753213716
1896,-44.71587379936115
1897,-533.593883862045
1898,278.65643002135823
1899,275.92086351517344
1900,-338.2207001848105
1901,226.10884695315872
1902,255.91000306866266
1903,177.53094696429486
1904,-12.835573964920371
1905,-49.67948004294644
1906,-67.41357691261511
1907,-34.924891681305894
1908,-87.29695623289344
1909,-37.29076912623613
1910,-84.20414658752952
1911,-75.22748849829235
1912,194.68698510644498
1913,259.83893629256596
1914,255.49646589072995
1915,163.59909420080783
1916,-172.29554233474227
1917,212.3479816590637
1918,-175.48978779068068
1919,-128.23852381271445
1920,-360.4415842559251
1921,-17.282592764404725
1922,-86.43664926669678
1923,-60.785704096723585
1924,-32.1412634434278
1925,268.4457464245301
1926,-331.30052343428554
1927,35.280818969500814
1928,-420.9533616220077
1929,-327.81840348829087
1930,-448.3701225279729
1931,-16.280643806876327
1932,-195.05718451867426
1933,19.219992306890234
1934,-110.78647231342434
1935,-34.263978251649206
1936,245.78990314527175
1937,-516.6560029897623
1938,-3.4938028804130568
1939,-73.77560637047422
1940,-285.08511331790857
1941,-167.69503236148012
1942,280.8008943137742
1943,-87.83650220717072
1944,295.72377050034584
1945,-85.87339391265341
1946,279.3731756618005
1947,85.21015796504798
1948,-21.77118838810742
1949,188.9456044402973
1950,11.439694917351844
1951,-31.98214584989455
1952,252.63849631160988
1953,-302.5964361414917
1954,-11.943641177638497
1955,-314.4380117243727
1956,-26.08048359313902
1957,266.1353279446063
1958,8.066804033164914
1959,236.16798072519524
1960,178.0919292854574
1961,9.80962260199236
1962,-291.3900229735535
1963,245.78714162074348
1964,-258.5323607200923
1965,267.6715423188979
1966,240.2161392421042
1967,-165.9357624954876
1968,-157.41995110925012
1969,-26.20200249819385
1970,213.56024944474558
1971,260.93276686135914
1972,-386.817111014918
1973,-250.89364936467302
1974,282.4896557141557
1975,268.7727864460011
1976,243.40528559511722
1977,244.16270624098144
1978,287.2810355493814
1979,264.9194373654296
1980,-290.47811217975016
1981,134.592027645395
1982,-223.84864075911273
1983,44.266134619849566
1984,34.72619111178736
1985,210.8834340670009
1986,248.75118202767493
1987,-217.52371302216378
1988,-167.77939577376014
1989,276.1685343201999
1990,283.7331463659136
1991,269.9992824548301
1992,245.7306692467007
1993,-231.76571353867774
1994,224.23134307402057
1995,-29.091093830894224
1996,247.2142286563803
1997,245.02563970451877
1998,25.623067318391307
1999,274.63518072121843
2000,216.75374361914035
2001,234.9302519783168
2002,105.65671347241228
2003,289.76915669812547
2004,214.57111659383577
2005,265.42494630311205
2006,186.13962297648823
2007,247.26170814948725
2008,241.5455881168507
2009,262.04780193742164
2010,161.81432023954312
2011,288.9935133539353
2012,186.598882472855
2013,-222.25162516155657
2014,245.61346446953067
2015,126.96679644921737
2016,209.2525575020342
2017,-49.67696432633383
2018,258.3006538688746
2019,272.1446234976012
2020,254.31283395774162
2021,255.04666341995136
2022,-101.19534450012188
2023,-148.79329379812242
2024,258.0410260069923
2025,270.1295112639339
2026,224.53889858451777
2027,245.47158688752646
2028,275.16115993880055
2029,35.39005818156261
2030,276.98425752273437
2031,262.5784392490125
2032,-211.7463039823507
2033,256.019380975167
2034,-95.81400918459961
2035,-79.82961119343423
2036,274.1958448551433
2037,-63.35593572045305
2038,273.7929176977942
2039,244.9373252765733
2040,172.8314014689511
2041,231.56531079651808
2042,210.47125279305928
2043,251.63660403210187
2044,21.19986632005036
2045,258.328709808497
2046,-13.672925430263206
2047,-59.09464286781481
2048,188.006389332827
2049,233.1889392730757
2050,1.8383311623724268
2051,268.4651934679969
2052,264.95190232563664
2053,269.1333463133674
2054,137.03659393373385
2055,269.82038912893717
2056,7.220700054234555
2057,20.519810412187624
2058,191.6943626251679
2059,226.46810617662373
2060,249.21140410932023
2061,-69.34937770436626
2062,-257.18059250600845
2063,-183.3099031512843
2064,216.57947023367706
2065,211.88927727937886
2066,-55.177025661388654
2067,-21.96789145990384
2068,206.08061015193204
2069,210.89586327293884
2070,21.55802859876229
2071,222.44662305561314
2072,-35.947560622589435
2073,238.20717246911747
2074,-212.78398081641805
2075,-152.98482371918766
2076,-130.30415806053884
2077,304.4399367652833
2078,271.64893813330673
2079,4.638146025671034
2080,242.8552040292526
2081,241.55519114167703
2082,266.82692964100374
2083,196.479365102332
2084,112.56920783659879
2085,213.34146648912713
2086,257.1723953490146
2087,269.1853801991322
2088,206.88047815020855
2089,211.99869725127047
2090,265.37916928405235
2091,16.060427084416574
2092,33.45603081628116
2093,254.36509895255384
2094,299.24361599158135
2095,3.1019870903325852
2096,-54.47275347980438
2097,258.57765177911267
2098,233.43814252343134
2099,28.03304150094479
2100,252.8728246302674
2101,252.40205142052108
2102,269.3597865917586
2103,-402.5280894383379
2104,-326.20109078482915
2105,-52.838470752254906
2106,294.22403012099784
2107,123.96093495857795
2108,285.04930370504354
2109,247.79555388940997
2110,54.91626699305007
2111,268.7979588336351
2112,272.73157995591004
2113,263.91737585661843
2114,262.91035159999853
2115,104.06376880345199
2116,279.8953453516479
2117,162.81678791419367
2118,249.7068243960145
2119,267.43981690742424
2120,262.49049700042053
2121,137.63032416329935
2122,280.3511446055997
2123,299.40347323378944
2124,312.266560844357
2125,273.93336126670283
2126,-51.60769685050088
2127,260.3735618168962
2128,251.4971182316637
2129,290.76407395643474
2130,253.72910933745146
2131,239.6526478515472
2132,263.33146633821787
2133,253.51244443441794
2134,217.79631981731654
2135,260.1046846693845
2136,286.54016792459487
2137,243.5946534503427
2138,246.66759387014397
2139,282.5534191603395
2140,248.9580825269112
2141,195.66503938052713
2142,266.4746303273626
2143,232.36941942283386
2144,246.84083238669643
2145,234.96455877117276
2146,291.257606863908
2147,260.15974466747997
2148,292.47028756881355
2149,237.43759876965981
2150,249.34293082450782
2151,275.55361205948486
2152,-36.78773035108918
2153,284.803406994031
2154,286.54816475499615
2155,6.063242376011175
2156,238.57300936905085
2157,71.23065040654157
2158,-10.205302612930268
2159,283.63557958561086
2160,286.389262649957
2161,-43.86233788003472
2162,249.61408984476554
2163,274.3084376369669
2164,306.57760155385785
2165,260.14500852835
2166,-147.79029782121847
2167,-24.62526630200655
2168,261.46439516374636
2169,261.7436473110899
2170,-20.945052909707712
2171,252.30331261618304
2172,-5.993771180608547
2173,281.56741915955064
2174,256.7580870037724
2175,-23.824669061808876
2176,245.94331433306365
2177,247.39411378179017
2178,254.2402146888502
2179,301.515676982191
2180,267.54761932523274
2181,1.9483970846141148
2182,31.206551338278416
2183,240.1496477900033
2184,241.31022539038622
2185,25.2403140279268
2186,-29.32696034764139
2187,251.29280669596832
2188,250.3038529181781
2189,274.8582221848942
2190,-33.05795625110578
2191,292.5826553865128
2192,275.8969409190874
2193,-43.214001386825146
2194,127.64196627157261
2195,-35.85665356473751
2196,168.24626668978476
2197,-14.233078016612339
2198,-49.762703738048984
2199,251.82687600637487
2200,233.04716525472844
2201,-113.14739167842572
2202,-85.28430909792533
2203,280.14779079660667
2204,-108.49135767972612
2205,-50.585749650736034
2206,273.1741143609079
2207,-56.38655522311703
2208,-41.105480509544236
2209,245.8617024672474
2210,-50.980438730793544
2211,254.62419309697822
2212,-19.30559307824808
2213,-95.59471533159508
2214,278.95653274013233
2215,147.1393918393586
2216,-246.8152151062035
2217,-85.2335595714191
2218,260.78769177534457
2219,240.84743930745975
2220,-142.2135037951689
2221,236.01997253800278
2222,253.3895966125328
2223,270.1047599169529
2224,237.38385035045792
2225,253.1652475782327
2226,-37.79213616311323
2227,-34.07825528430473
2228,-24.238816940066727
2229,299.95745151070105
2230,-31.458760007026598
2231,272.61241670527966
2232,255.24697035400007
2233,247.7221051682672
2234,241.95226522161983
2235,225.9159207149264
2236,245.84460208238568
2237,219.67971355350235
2238,-58.48931478815075
2239,-165.6844364607869
2240,33.54526060416546
2241,-45.123953371078926
2242,36.24073553265205
2243,266.2018507988216
2244,252.62658243089447
2245,232.95778264726448
2246,233.09402385164734
2247,256.4886889668379
2248,242.11876210488307
2249,270.6038136939205
2250,254.2024715385122
2251,-4.48861287085019
2252,-131.44928305770546
2253,2.2468350166682285
2254,-95.75392425662312
2255,11.08539702300068
2256,254.91194044654583
2257,-134.38388349435843
2258,215.84673388546506
2259,249.34025639630718
2260,256.44227015227136
2261,-10.909195117591537
2262,213.48267782694515
2263,-62.31209498037872
2264,270.5639978806669
2265,228.72998317258416
2266,-10.402309311077659
2267,-54.249371457275046
2268,299.29836279887496
2269,257.45885108066017
2270,256.58166287462205
2271,65.58229914568528
2272,232.49352783668334
2273,-150.0296833002595
2274,-60.217501048016906
2275,221.68685068960116
2276,246.04462097815542
2277,260.40123666553444
2278,-95.40602481538508
2279,131.71200750713365
2280,-117.56839782423586
2281,-35.954153905683384
2282,-120.63834034900059
2283,262.4464733588062
2284,264.54531903787233
2285,250.20070213442543
2286,228.82521263635104
2287,257.0525968635591
2288,39.43784862543407
2289,300.34872319721376
2290,245.13436187916864
2291,-97.79566312240722
2292,252.86471986595546
2293,270.0267089318993
2294,265.28702498503696
2295,-18.615702030233876
2296,-50.917071046559585
2297,248.79349660938465
2298,195.81131657993768
2299,116.97796043410906
2300,0.09054037212155208
2301,-66.57318255980155
2302,267.9513239228806
2303,-97.3190559838147
2304,19.183389406153154
2305,28.170661891617584
2306,273.22316867230785
2307,-51.56488906202736
2308,25.729172227740946
2309,46.043162982738835
2310,131.34491501011686
2311,-113.10974457304866
2312,-84.1073232512
2313,-25.695769874896143
2314,221.8892223255739
2315,197.06521718158652
2316,186.85348591622335
2317,-77.03333188628837
2318,139.17634303104884
2319,-60.63906432372031
2320,-82.91572132733552
2321,-36.896686766523864
2322,-59.012498932654225
2323,54.12524443639103
2324,-61.55593515016015
2325,-94.73306048736009
2326,215.77553555792738
2327,-69.9148666400985
2328,49.8750462596912
2329,34.97910136897988
2330,-31.083331460463853
2331,-52.9723033051619
2332,-65.7997436154325
2333,-96.8131040860697
2334,-105.00040979531668
2335,266.6476006827787
2336,231.53747908108522
2337,263.7691788692762
2338,-35.02965931485777
2339,-112.51751022443798
2340,-73.58741222983349
2341,53.21579119217492
2342,-89.72302321379212
2343,-52.119322485684805
2344,245.7494488536094
2345,-28.640299821179454
2346,-76.49069624089967
2347,-31.320080422528093
2348,-48.6843842493164
2349,-55.44826939575988
2350,-77.00614384209798
2351,298.4197929943383
2352,-40.975508802068404
2353,-23.37713621844364
2354,255.30169182617811
2355,191.82576607084573
2356,-57.595200258333705
2357,-89.90347750895631
2358,-11.154447315185934
2359,-44.84238310967061
2360,25.819329557844924
2361,264.555690744735
2362,-99.1393051680242
2363,18.793586275144264
2364,-32.8286517730171
2365,-64.8698206252514
2366,-39.48634989498166
2367,211.05581776907204
2368,27.199568761093587
2369,-73.31776564619416
2370,-177.14534444599872
2371,-84.67742660024238
2372,31.697950043283498
2373,263.4244002541849
2374,224.17642747428096
2375,188.96895823659918
2376,-65.77906184410534
2377,281.2410050713529
2378,40.54807032144325
2379,214.2562552266603
2380,194.2143806173637
2381,-159.78201997872043
2382,239.12998335083483
2383,-201.28042285435743
2384,235.68490695449847
2385,271.99509055712093
2386,-47.33080493013321
2387,-47.48694393554861
2388,-69.54361117495154
2389,49.763324650510526
2390,143.20760431110654
2391,149.3724815657917
2392,220.46529602111477
2393,-36.185404994414455
2394,-157.53727356582525
2395,-118.03622235689409
2396,-41.14887641365582
2397,27.124769128117464
2398,-30.204610798881447
2399,-50.24044959180765
2400,-40.11666961698411
2401,-32.59315013078171
2402,-162.2685962944009
2403,233.2223801125506
2404,-51.85187121174651
2405,273.07696921600365
2406,11.010252795728562
2407,261.0223263018005
2408,6.881894129071981
2409,129.64634175577305
2410,207.04787436394335
2411,-56.05518525127343
2412,-116.78403706092354
2413,-85.46730235641463
2414,-188.64594933125005
2415,-120.1352657520053
2416,-69.19451914878506
2417,248.14772245876082
2418,-53.947115465050565
2419,274.68359257910697
2420,187.6485776528467
2421,-20.93370479973704
2422,0.2954987566569163
2423,132.6326212636883
2424,-23.588824664993897
2425,-19.09205081448077
2426,-35.75292289765848
2427,-40.49944957404781
2428,-84.3350985689918
2429,248.8531592564086
2430,-72.78711565170606
2431,-36.76826050224116
2432,208.5771922001656
2433,228.87511625088823
2434,-42.99989386216316
2435,-85.35408154394482
2436,-37.57923119662546
2437,253.09445450719844
2438,-46.405201097345305
2439,223.11444744323103
2440,208.1836148482739
2441,-112.56127867980793
2442,308.1795040045007
2443,219.9970422872003
2444,282.55001934247946
2445,-19.44226343033145
2446,22.151757855568917
2447,33.902365593997274
2448,223.56071990103155
2449,221.63196566892947
2450,12.265756388120735
2451,-79.19599312292553
2452,261.5469106944537
2453,251.92217213305392
2454,246.68652166350103
2455,-18.537886660267603
2456,-105.9865371169724
2457,228.05893326410273
2458,242.594511043879
2459,-14.865619970731117
2460,-41.1393680346606
2461,-80.94447260516651
2462,-14.921161838177284
2463,-5.920245417590692
2464,-197.51806124323716
2465,-12.74592185404498
2466,-275.20750307205054
2467,-163.87431413176722
2468,-194.15581315212538
2469,-0.7087536852892811
2470,-57.04937777198696
2471,-203.5744018449639
2472,-22.610665679183285
2473,-19.64144737848784
2474,-215.25762436306817
2475,-336.63846398868554
2476,-17.667379854656502
2477,-396.7802969408651
2478,13.40438480615552
2479,-7.783535445626612
2480,-23.64778778750467
2481,-9.215756668465389
2482,6.633662851208655
2483,-13.15498387652245
2484,-213.53539196264614
2485,-18.26978240033428
2486,-209.23657660477934
2487,-611.1811941418312
2488,61.81370922244497
2489,19.939289117215466
2490,-0.3087421760922382
2491,-15.621545770068497
2492,-36.72445658162471
2493,13.405273420756416
2494,173.61511441497566
2495,-10.080774591444381
2496,-52.690743090087565
2497,-323.3143676496227
2498,-13.315976675817602
2499,-219.97218116409584
2500,297.58970967092034
2501,27.793802677839395
2502,-205.7667748761184
2503,33.190813813335915
2504,-62.72549412951658
2505,-202.47786307253602
2506,-22.54484917859247
2507,-250.50980270991346
2508,-20.46090233695982
2509,-83.97221596147816
2510,-257.72974175606225
2511,-127.98173806470476
2512,-171.38921413150274
2513,-200.77983592710618
2514,200.88140767018592
2515,-189.90317498130946
2516,8.178875698196288
2517,-243.23833906960706
2518,-250.54452887789517
2519,-247.39763136133067
2520,-34.071933721492684
2521,-259.9310233986228
2522,-185.72206151196508
2523,254.217386596808
2524,-201.51072276306465
2525,-246.99708445473783
2526,-207.5726238610514
2527,-216.1392094766764
2528,-229.82342738720186
2529,-267.19090420801194
2530,-198.49634999827225
2531,-290.07969894536814
2532,-84.07013199800733
2533,-138.86213922824132
2534,202.6761906458255
2535,196.15672054646814
2536,-23.661538315567743
2537,-1.575855020430481
2538,-223.07869376857644
2539,-87.14235756611899
2540,-294.15724662082795
2541,-91.70004412258977
2542,-164.11730256036708
2543,-206.317840871862
2544,-179.00896004475186
2545,-208.84732456789834
2546,-210.80443389217749
2547,-48.46185564591882
2548,-189.73926140463814
2549,-13.322617634380407
2550,-223.6862508674751
2551,-226.52622294386455
2552,-213.09118939023674
2553,-288.68873491503365
2554,-173.91082585325398
2555,-220.52638344135642
2556,-16.314020315031133
2557,232.5423749191413
2558,-163.33827005598465
2559,-204.37908061248635
2560,-77.37874289619401
2561,-200.45779137929537
2562,-231.4088296570127
2563,31.10212768572343
2564,-187.0748290822909
2565,-220.3658945735208
2566,-59.3232460727051
2567,-196.82782396841432
2568,-175.8525016710323
2569,-360.0278745864125
2570,-27.944323261792604
2571,-340.7775699112171
2572,-213.3112216870155
2573,-415.19656816509496
2574,20.423122285305126
2575,-223.66364549374953
2576,-225.83204793965822
2577,-207.92380661270988
2578,252.9275932584767
2579,-288.21254145744655
2580,-216.5916582231916
2581,-168.48155026394164
2582,272.768052625042
2583,-222.4825721100161
2584,-331.0668667646454
2585,-136.68291698115422
2586,-255.56705364543075
2587,-218.09688387305675
2588,-85.40063735953069
2589,-319.51182212398885
2590,-246.4899969944518
2591,-94.7144722001321
2592,-181.6885686574907
2593,186.7134685576398
2594,-195.94727421843848
2595,-238.54386196224092
2596,235.27088436513787
2597,-193.86529500332335
2598,295.0003566506234
2599,-274.98029781728246
2600,-309.8996348651794
2601,-197.65131996796438
2602,189.80109317973293
2603,-438.1536835540539
2604,154.4875832273965
2605,-308.92113668361884
2606,175.33529884529764
2607,226.55179339810144
2608,8.55308339638273
2609,185.42069875834818
2610,239.5596732476481
2611,-285.8789985833724
2612,238.79164211971116
2613,-281.52193269884026
2614,60.847043844448194
2615,236.94049140048259
2616,240.69323052167778
2617,230.6786067133222
2618,212.08254642620457
2619,248.8761762113167
2620,-373.2625995479168
2621,215.59333876466093
2622,-175.69457667016238
2623,225.45740870942868
2624,244.3804071620078
2625,205.7886857385373
2626,251.86375559658512
2627,196.68212566947702
2628,-188.45636685046603
2629,231.33866084217817
2630,231.75092877174924
2631,245.72867971261167
2632,-21.713128226925406
2633,-171.1652376173144
2634,244.10484870207046
2635,257.2170529060321
2636,-379.4304499305494
2637,238.7550445127274
2638,236.37894344101346
2639,220.38142765009408
2640,-163.20823007277068
2641,-157.63208202480791
2642,-856.6898433344344
2643,-678.3977999319281
2644,289.80430323522114
2645,277.7167899144058
2646,-578.628859930677
2647,255.6070754423409
2648,216.54265539200554
2649,258.85547343142355
2650,278.54521962247725
2651,-325.774948137155
2652,-374.7375718743742
2653,-138.8363706998219
2654,-190.43310366335504
2655,245.79292805005784
2656,238.17338420738687
2657,-67.96427304030743
2658,240.9046251814458
2659,230.7016159832371
2660,-188.20792114404918
2661,237.98361305482007
2662,-311.81774327144797
2663,-271.9439804443699
2664,-135.41417401524103
2665,-287.0802845789171
2666,260.47336542798746
2667,-55.739920108252235
2668,-203.16276933290231
2669,244.1240650016996
2670,-62.61472051615526
2671,-128.10210563984873
2672,247.52576966814908
2673,-220.99469128288183
2674,-145.35339856127968
2675,-537.3845081366628
2676,-566.3053260850675
2677,-193.32170759781633
2678,-138.41976483963685
2679,-111.67078922838753
2680,-58.77021548156793
2681,225.71395163594394
2682,244.5160842869764
2683,264.72807094001894
2684,-60.886562536645386
2685,218.03123757095264
2686,31.785617273905757
2687,-584.8011741269947
2688,227.00977320314448
2689,-157.63833809611924
2690,-380.24140934428885
2691,-381.6100030572689
2692,-154.85668896045712
2693,209.21587940875705
2694,209.74347429387484
2695,-1.9346754296724669
2696,-75.57133159359631
2697,-269.17351026342226
2698,-543.593267659731
2699,17.573523659429014
2700,-15.885930288207035
2701,-226.4718032269526
2702,-119.08695919906404
2703,-89.964356896644
2704,-281.66519553416134
2705,37.10880501416267
2706,-191.44766324225571
2707,-218.31084014287813
2708,165.99769751390158
2709,-65.3758608145701
2710,-98.33246893435337
2711,-240.4759675309383
2712,-111.77659341157033
2713,-82.30310900954436
2714,222.31523765564623
2715,-356.6083476009113
2716,-152.14859250236356
2717,233.27987804831974
2718,266.371716039054
2719,-201.4224542186933
2720,-251.10956917310187
2721,263.9542649283825
2722,-25.772142372677678
2723,251.02150713763012
2724,140.19931444889323
2725,204.50327899010495
2726,239.15980638814975
2727,-6.291358970477319
2728,-303.5228907612448
2729,202.5928014522009
2730,-71.5999054900264
2731,-391.25100808819974
2732,-544.0210295766149
2733,-536.2117621213692
2734,-92.46970660949684
2735,-662.0348483201141
2736,-455.6103369796647
2737,275.27879286997177
2738,-434.21748734285535
2739,-571.0179478469886
2740,267.8706285411143
2741,253.99825647097134
2742,248.40491515225625
2743,218.16790860887295
2744,241.28500864377583
2745,252.29256152480815
2746,-214.40581351386342
2747,243.7123270543114
2748,-435.6987017863538
2749,-100.87827303281058
2750,-291.3940381078278
2751,-39.347393197328415
2752,228.29943705408033
2753,216.2133976868906
2754,-132.21502114019918
2755,-370.3537672476965
2756,-170.24727861569662
2757,-19.1175969728327
2758,-103.20448531487753
2759,226.35594159900933
2760,237.13406599039826
2761,235.8917183017529
2762,196.87841885094778
2763,-106.55355558832784
2764,-127.074147218339
2765,214.45870187912675
2766,-316.69480478216525
2767,-129.32617183130583
2768,-151.97786814929805
2769,225.86552694806394
2770,-141.22957272303086
2771,221.66808879322275
2772,-112.60922620978825
2773,-127.64505120974992
2774,260.38174727648965
2775,-240.55883957882514
2776,-67.76100519134846
2777,-115.65292094547158
2778,-9.46778441324787
2779,279.42774236007426
2780,-126.6891258403048
2781,-140.82451906477496
2782,44.31751808547793
2783,-149.84695108122378
2784,-155.29747815306587
2785,-52.05417701028104
2786,-12.488542233665996
2787,-145.12320248737046
2788,-146.2954037938078
2789,-236.70838852483118
2790,-149.14855482026024
2791,-21.198496243993787
2792,-225.42205821550908
2793,-129.32652877360658
2794,-158.33486038540832
2795,-132.293828295385
2796,-199.5253294675273
2797,-160.92429833061513
2798,-136.7843021327017
2799,-123.01128417680822
2800,-43.28368942037381
2801,-179.6617762419118
2802,-63.53081341400491
2803,-162.19765264900786
2804,-138.07715283069635
2805,-186.53218162495867
2806,-172.0478803999325
2807,-74.78687478354101
2808,-178.38632645340044
2809,-212.5136364179113
2810,-313.53280456892134
2811,-147.37415334878085
2812,-165.58590916830926
2813,-129.39699401944333
2814,-608.9517871943077
2815,-186.18466855267775
2816,-188.69319075928271
2817,-184.25894455650683
2818,-24.28040363072924
2819,-209.28246122575632
2820,-513.4888628325157
2821,-123.30155669392668
2822,-165.03847567984235
2823,-367.70112567041235
2824,-184.87171371402934
2825,-187.73604438163994
2826,-189.08218436443764
2827,-146.95737120163693
2828,-165.1778983629884
2829,-202.48196769687047
2830,-181.3600605671063
2831,-193.3080502050478
2832,-82.07540476951512
2833,-125.94199689183247
2834,-179.18255888056783
2835,-183.40577479011532
2836,-122.91822207221506
2837,-171.10245282639585
2838,-219.99868396815287
2839,-155.77774095472643
2840,-91.02319983644966
2841,-121.89002894557056
2842,-109.68328798118782
2843,-183.81144371791635
2844,-200.73465667733876
2845,-109.74608663505373
2846,-84.54252425493331
2847,-119.4784083973356
2848,-175.48365336750885
2849,-207.48294901297572
2850,-55.93160859544379
2851,-133.12646631943088
2852,-139.76806652279438
2853,-167.689745414613
2854,-161.75548457588073
2855,-144.66562779520126
2856,-195.53861825874455
2857,-108.47954029964785
2858,-241.30698315910453
2859,-141.02428482432254
2860,-143.714174570049
2861,-118.5279051297244
2862,-159.4503175989498
2863,-95.97809222865267
2864,-124.11657592666126
2865,-176.56368920972665
2866,-61.313965600835914
2867,-137.20583594611514
2868,-67.1733680638175
2869,-122.12240491080254
2870,-197.44869799833486
2871,-230.87303441250555
2872,-91.68574028521549
2873,-159.1595335087648
2874,-66.00564750048235
2875,-184.12503946141823
2876,-84.05082122132396
2877,-152.7999889399585
2878,-162.08424561867477
2879,5.120076640499647
2880,-152.43696867062374
2881,-87.50897173085939
2882,-151.6065700392466
2883,13.728522764778887
2884,-124.13762545246868
2885,-334.22923787039036
2886,-533.1149627821032
2887,-468.4573930811643
2888,-202.15329578088745
2889,-113.95823131312252
2890,-226.44890581059022
2891,-149.57844453135897
2892,-341.0166368756238
2893,-165.54794849323446
2894,-183.8087961604247
2895,-426.9706312927017
2896,-189.17300521254526
2897,-173.9811104383309
2898,-108.86558288205944
2899,-236.0786248300372
2900,-188.0994436359633
2901,-145.17814156969825
2902,-300.81816661985994
2903,-309.25807696837336
2904,-209.51413861601816
2905,-180.72727363012643
2906,-158.67062176376197
2907,-286.2976421064576
2908,-167.01006206270094
2909,-185.31051418886992
2910,-160.82471121608884
2911,-161.37726931010096
2912,-220.97889423498597
2913,-199.54262890790687
2914,-37.43365069691366
2915,-194.38945888311343
2916,-152.280121396467
2917,-230.72324433799466
2918,-121.70894323383945
2919,-250.38268883671668
2920,-152.61675093867365
2921,-449.5815068970521
2922,-209.35857453077034
2923,-148.14030305675382
2924,-64.62066519237774
2925,-166.65416970863538
2926,-168.32022286787281
2927,-192.05173205953386
2928,-198.77580391147472
2929,-139.14541032232532
2930,-157.99086717373027
2931,-197.3608756119856
2932,-1.8174458818039483
2933,-184.11601337135227
2934,-142.87479341426743
2935,-213.9366902103074
2936,-148.95475444324387
2937,-174.8897694068229
2938,-152.7224825599157
2939,-29.174468742812067
2940,-163.7032297245171
2941,-210.05289729986103
2942,-161.87227673928908
2943,-165.47487182646276
2944,-116.88652665708292
2945,-245.9102541041792
2946,-266.9270060160414
2947,-166.34432854255016
2948,-331.70388135992397
2949,-166.44938990749176
2950,-114.0174296174483
2951,-178.7681518714619
2952,-109.28388226819956
2953,20.385478442288814
2954,-429.11149562677053
2955,-563.3941206541276
2956,-175.2763308129093
2957,-178.02743628878915
2958,-415.7451590832859
2959,-542.5629504308979
2960,-634.6318922190558
2961,-190.6518454291438
2962,-53.70385484537154
2963,-160.96603194339386
2964,-231.3669293865742
2965,-6.318707439283116
2966,-174.53760647603514
2967,-159.56079726421734
2968,-112.7623615447589
2969,-150.77623417483346
2970,-99.47587393680529
2971,-281.4219385703175
2972,-132.1982981169253
2973,-186.6120272074769
2974,-155.4894039730089
2975,-116.54506828685143
2976,-77.37490012229895
2977,-142.62937002199075
2978,-138.66116173261366
2979,-81.74894779311887
2980,-129.70289602913698
2981,-146.80367111153095
2982,-124.97519506534563
2983,-59.91147237129512
2984,-137.81448847387765
2985,-238.94908187714924
2986,-187.8024210222126
2987,-161.3125994260059
2988,-150.46578991568254
2989,-59.135522385877316
2990,-130.18711782307724
2991,-183.54230626380252
2992,-48.891642955142274
2993,144.94821703617114
2994,186.72962765447056
2995,-71.65463227273797
2996,-303.50036101253386
2997,191.56446109528838
2998,-83.82728039716855
2999,-19.44442569220524
3000,-127.58496970103282
3001,-55.73345070410505
3002,-276.7125717395188
3003,-3.813991607304331
3004,-34.97601208862126
3005,61.21412898005346
3006,-54.22572251474033
3007,-55.47297121247275
3008,-301.16760564100224
3009,-141.83673513202996
3010,-150.0122460351581
3011,-261.12543348800364
3012,-153.21387687697512
3013,-146.11967334211982
3014,-239.0475665402
3015,-263.6175120039304
3016,-238.99888828621815
3017,-29.93577504157497
3018,-138.40936119333674
3019,-40.09629763463666
3020,-21.603971051275437
3021,-42.3875930996698
3022,-85.55890317535543
3023,-219.4346316819776
3024,-266.451049688419
3025,-51.44626056779652
3026,-100.25782124546879
3027,-53.856384965251074
3028,-16.01493582729655
3029,-81.1286365004076
3030,-52.43634760155256
3031,-132.35689959034988
3032,-130.43191607159454
3033,-29.520663780451002
3034,-130.78289490786673
3035,-100.32522033222384
3036,5.628442794274221
3037,-29.91278440880994
3038,-120.63097174329647
3039,-36.86109758356765
3040,-140.03312124186363
3041,-61.357297772507174
3042,-6.797433980873427
3043,-6.71565690929966
3044,-39.56713367190577
3045,-67.16066349471427
3046,-35.38513253362499
3047,-57.83914720341978
3048,-137.32027590045533
3049,-204.15440704610143
3050,-42.85681054664013
3051,-19.481898881534185
3052,-17.01012139200669
3053,-369.4980179122833
3054,-185.95114372966145
3055,-147.54727378580077
3056,-24.37920110191943
3057,215.5647029092778
3058,-36.449051799975216
3059,-147.9554358109837
3060,-43.80637129171312
3061,-96.43988455468548
3062,51.21981200543311
3063,-40.70350697627025
3064,-32.774097712085435
3065,-20.13032646887477
3066,-68.03449638282794
3067,-102.86154440874894
3068,-45.744043568564166
3069,-99.47882592158939
3070,1.1345285148605349
3071,-88.08224887432547
3072,-68.05703054684801
3073,-59.60618033619248
3074,-59.09034800906873
3075,-96.78218920722263
3076,-57.107301867840974
3077,-324.4288583079898
3078,-124.31553798090955
3079,-117.56606760479316
3080,110.51057802378112
3081,-127.12567728337865
3082,-58.23480657654508
3083,-121.08029857195531
3084,-67.56376883462451
3085,-179.89381598998654
3086,-125.91182061188769
3087,-127.66720579971177
3088,-443.4923705575298
3089,-83.11455382408272
3090,-87.58930603890722
3091,-31.139474584807644
3092,-52.14917026003543
3093,-62.059355964683405
3094,-57.15221949528407
3095,-48.85183366371518
3096,-49.352618762402805
3097,-76.82837270606844
3098,-28.097862764764923
3099,-201.23288850422114
3100,-71.85617584123983
3101,-229.23607279429177
3102,28.307735149432506
3103,-27.207207050101506
3104,-263.57440886576956
3105,-357.6133234789477
3106,-432.03377139707584
3107,-436.845114358089
3108,-33.28294084577395
3109,-19.79427728490627
3110,-22.006313181384154
3111,-162.92585829789692
3112,-0.7685022606942107
3113,-26.801118172094924
3114,-171.05660411675393
3115,-477.41144778481316
3116,-11.641952678524753
3117,-91.61622535595009
3118,-384.41166993134476
3119,-182.62644746440617
3120,-108.28434083159874
3121,-4.63374463077621
3122,-320.8538315043569
3123,-283.82755099109716
3124,-52.832210720523236
3125,-94.34078435504566
3126,-549.1045626291265
3127,-31.52934611158991
3128,-47.8100463883494
3129,-456.06084221877063
3130,-28.124631636032976
3131,-419.3743182044899
3132,-77.08848604807355
3133,-119.87664587840234
3134,-98.46692114168374
3135,-335.94118355882864
3136,-112.19464091960293
3137,16.903771284333008
3138,4.514262038005782
3139,-20.635478148038597
3140,-186.5230410605829
3141,-144.13168335025136
3142,-157.18877142296162
3143,-115.47427363650009
3144,-63.9241562771176
3145,-186.81363919992006
3146,-140.82764205725167
3147,-132.19584403024317
3148,-136.7527194352832
3149,-133.39626603494983
3150,-166.88519369460988
3151,-59.38407895700466
3152,-178.2422724859109
3153,-146.70706980430376
3154,-101.09794846187096
3155,-175.2326689954611
3156,-58.67327009963233
3157,-104.62899672471704
3158,-131.1966577378354
3159,-125.60785659698153
3160,-368.9415923954953
3161,-75.56097051941772
3162,-296.9367022901522
3163,-128.1017052734258
3164,-357.5103193137386
3165,-108.71724028620102
3166,-59.30192510602656
3167,-141.65292705329242
3168,13.96662545985707
3169,-136.7795467742202
3170,-58.60767354097747
3171,-101.55267889015433
3172,-76.85354647040914
3173,-49.47407064473336
3174,-286.45223292169044
3175,-534.2952014574585
3176,-191.22477721916061
3177,-366.48135753105834
3178,-545.2522899532711
3179,-61.861243820807374
3180,-413.329835056693
3181,-108.81408915954323
3182,-406.6331923449535
3183,-642.3094900626722
3184,-545.5097932451961
3185,-431.29740955271546
3186,-264.99401011302416
3187,-599.4003044795222
3188,-381.7857632167339
3189,-581.435492482404
3190,-319.95090620813744
3191,-484.3363812556713
3192,-352.898787239159
3193,-238.64703918978702
3194,-132.32081419164254
3195,-237.22566608494884
3196,-228.01663635142017
3197,-47.19148245676089
3198,-67.89316160796052
3199,-540.3794177666616
3200,-98.25425600678538
3201,-499.26544974262083
3202,-572.815905332453
3203,-122.63346986004703
3204,-599.3269906788203
3205,-619.6229526630315
3206,-98.66802757361502
3207,-429.2103933368834
3208,-43.44194537721719
3209,-123.7443871777132
3210,-236.41454047301
3211,-73.27906479595214
3212,-113.20002380801414
3213,-459.771604695395
3214,-40.32438703517686
3215,-81.47820168225259
3216,-293.18973423608054
3217,-61.706442072168414
3218,-71.5525819958837
3219,-522.2387089135273
3220,-382.54428056955237
3221,-149.7435930607386
3222,-273.9174525855216
3223,-514.0382035791599
3224,-105.23868714247189
3225,-333.0868857471992
3226,-430.05267537734534
3227,-385.04461561042166
3228,167.27238949218344
3229,-23.601207470327665
3230,-112.3842833091221
3231,-323.25563120972856
3232,-348.62375005129974
3233,-390.75709280178705
3234,-235.71238792791218
3235,-405.9721033127748
3236,-270.72739837633657
3237,-354.8223956257275
3238,-383.17520682365296
3239,194.6482299052367
3240,-323.13801279624556
3241,-301.7444945571158
3242,195.45263806850528
3243,-333.6069102996813
3244,180.70973691701252
3245,205.87920443490756
3246,-340.13824230887815
3247,-443.2633126513878
3248,-390.7132658981761
3249,199.80022047972142
3250,164.788995773816
3251,126.24386450325659
3252,209.84432163762267
3253,-154.24276552261634
3254,-684.9882708813816
3255,-497.48806896037587
3256,-355.4777762661585
3257,185.22554344904825
3258,218.902742703694
3259,220.60357834306737
3260,264.7707588243718
3261,-323.3767490910529
3262,143.90910587446515
3263,-57.8738795713477
3264,-335.89821360873947
3265,-284.38475207745626
3266,-63.31336585886695
3267,198.10386635080476
3268,-284.91234466323783
3269,-214.211134993085
3270,-388.0129987993086
3271,-345.64933142930386
3272,-550.0920857557319
3273,176.64047667068695
3274,-601.6493051066486
3275,201.12712303309513
3276,-420.825150804485
3277,-21.6374500111624
3278,213.14910202202702
3279,252.03972597007814
3280,237.08926120790792
3281,-327.79389838657323
3282,-552.4075893245724
3283,-581.214774945176
3284,-209.8346980699039
3285,-525.3880834227705
3286,-443.4020778126561
3287,227.69531836084067
3288,202.30443580362305
3289,250.77294061603035
3290,196.50340390575315
3291,-542.2582449447948
3292,-274.5384329159703
3293,251.56785864541212
3294,-660.5091904873541
3295,-332.3376330858845
3296,249.8937579086304
3297,-489.94664826642787
3298,-472.25174578851727
3299,-213.91341565608911
3300,254.67691679398268
3301,-464.0516076576674
3302,-99.89202562049664
3303,-513.0632143248706
3304,-602.7233133654858
3305,150.5621729125021
3306,-310.5768267096014
3307,-34.28292720357497
3308,-332.6837445749558
3309,240.06808273817128
3310,-18.615296805833484
3311,-540.2497827457853
3312,214.4715710538032
3313,-90.57604943252103
3314,250.57041827161282
3315,-398.44984745791004
3316,248.7732702636447
3317,208.63420155696156
3318,265.7537462243538
3319,-163.43943900064886
3320,221.85076021226058
3321,248.3336996064397
3322,214.2581578468932
3323,254.7432391349922
3324,229.15348708363257
3325,229.00028042623785
3326,237.35913418488275
3327,242.20500491235993
3328,198.43867173777022
3329,237.82146520367945
3330,232.16338149074224
3331,258.28775316913124
3332,260.85278109650756
3333,219.7391421817739
3334,280.4808076793571
3335,272.9031861389316
3336,258.0485531028057
3337,259.64812194714057
3338,-364.04663269733555
3339,-430.5599402066503
3340,184.12170235318666
3341,-399.0110545579952
3342,278.7346213210421
3343,208.32502910015404
3344,246.03329942553418
3345,277.0119170899188
3346,-539.8823599202495
3347,-557.8790940829326
3348,-536.4354599132369
3349,272.9977539751882
3350,-521.8894876860445
3351,268.5123316040565
3352,238.46963826751696
3353,227.86609765257666
3354,238.14565585540439
3355,254.43906692273663
3356,256.2157463616595
3357,-540.0979063156328
3358,-586.9127831346539
3359,268.7145530147262
3360,236.61678980324373
3361,-396.96944313711936
3362,254.59986543392114
3363,276.67347708744126
3364,279.50476521496205
3365,235.52966755610595
3366,-693.3727875452902
3367,270.289356055413
3368,-68.8261017241472
3369,252.87878945117228
3370,-412.9551121010901
3371,205.51299227497915
3372,224.8375782703332
3373,239.89881170581785
3374,1.102430019513862
3375,-36.036450757837
3376,269.9576844542488
3377,-54.63060518846174
3378,-4.29646033578382
3379,288.5421921468276
3380,-258.69765030118674
3381,246.74433068638936
3382,284.14461490785067
3383,248.95492837156903
3384,-313.68915594435515
3385,275.7835781755652
3386,247.04448757761486
3387,237.56506909165137
3388,290.4196685870879
3389,255.69193624785473
3390,269.61831131423435
3391,262.5375947029138
3392,258.47848518348644
3393,292.76468210790586
3394,233.15404260005607
3395,-328.86746955623767
3396,238.69417012268852
3397,274.9702081504435
3398,267.2636503373792
3399,257.26057829260895
3400,286.0190693564274
3401,195.54239189583714
3402,268.3532452294339
3403,208.99982052463184
3404,250.3021411804188
3405,245.13684441744408
3406,275.0236318083788
3407,229.63681794287578
3408,259.9524475648401
3409,281.2173827365061
3410,291.85323362006545
3411,220.10842109188778
3412,278.58538072389183
3413,213.15584427999016
3414,-200.53839138983614
3415,-28.431215042595426
3416,268.2325876454132
3417,254.9345569169595
3418,249.09284167211771
3419,11.915531785820434
3420,-38.39243917692207
3421,45.848998115217114
3422,268.26031406803236
3423,283.2656159041069
3424,215.70082443714688
3425,271.8930885645698
3426,258.5921993677805
3427,269.10758843492573
3428,-2.996496918347134
3429,-446.32954288948827
3430,236.22292224014143
3431,-515.5974276661932
3432,290.71279110488183
3433,292.56335300843324
3434,281.0944153912331
3435,251.62192263532143
3436,279.11825343977307
3437,271.18343728819696
3438,272.81182980707905
3439,258.0177019057712
3440,-490.5412936467841
3441,-0.7155367264791579
3442,257.3103839649681
3443,282.85528699092765
3444,35.614921509687775
3445,272.4830841931207
3446,-435.08839991060483
3447,29.81487766851413
3448,-2.945941226927829
3449,18.613688129460115
3450,-296.2065206394865
3451,254.57242568990284
3452,192.20573986954767
3453,290.88384274484264
3454,275.7642466487513
3455,273.0716764947589
3456,-409.7737045780678
3457,9.399959201133825
3458,287.73725888804876
3459,259.4250856703851
3460,264.71989021082527
3461,269.7595599861995
3462,291.9774598176781
3463,215.77459400528483
3464,251.17214496729292
3465,253.5418693336449
3466,-610.0460588130394
3467,270.2806780554449
3468,304.3540780052389
3469,12.969206473140687
3470,237.5448885713021
3471,250.47862787311823
3472,276.5443611164176
3473,243.16266166599533
3474,258.9467012001438
3475,259.7438613468882
3476,271.6701126537794
3477,255.74430239398777
3478,259.63354136594006
3479,291.08700854763117
3480,-1.6954187471428472
3481,272.1788858484348
3482,125.00905348988815
3483,233.4481324761518
3484,-6.634828408940123
3485,-138.09906924970002
3486,258.2319777929116
3487,263.64172405997886
3488,269.14486660930856
3489,243.02151124976209
3490,278.1420344114555
3491,245.41911636176437
3492,249.17162744580475
3493,261.0852576369703
3494,-570.0197304967805
3495,247.0628908500778
3496,285.52769939377674
3497,-224.96476270164626
3498,274.25173464965206
3499,252.66554159247082
3500,271.27112201380135
3501,257.53758089239443
3502,284.8616361370258
3503,-329.28543124592653
3504,272.89860540896535
3505,-225.0293621954399
3506,253.3018966469807
3507,265.6873981629718
3508,167.0004396237291
3509,-314.0054351673747
3510,-389.8168448002675
3511,192.40304589364814
3512,238.0307991438608
3513,251.56768128301772
3514,219.20436852028186
3515,260.0901725817061
3516,264.1195745014773
3517,254.01868250965708
3518,241.19062431554596
3519,-370.11505508769676
3520,245.05545752471707
3521,259.2583854848226
3522,244.6606110046471
3523,245.80985132783266
3524,259.9434266553137
3525,256.18070297148176
3526,169.31208289094172
3527,304.84064154048724
3528,265.4077595304039
3529,-176.35633963413585
3530,277.90932604247655
3531,288.3730932359143
3532,-300.61705702402696
3533,270.4786764657081
3534,-25.41665376350855
3535,-54.293098654335026
3536,222.72483492658085
3537,27.411422905366962
3538,-40.72394640136352
3539,267.95627366694396
3540,-80.46966247199052
3541,218.75269425870442
3542,246.41258720991874
3543,-348.31735403475653
3544,286.28905770823735
3545,-282.08884051088944
3546,233.99474515006085
3547,214.0887980830533
3548,291.237933952193
3549,-76.31978132630493
3550,185.91402704719468
3551,235.27040427794844
3552,255.37855161989944
3553,281.24814725901285
3554,-178.02314881194297
3555,227.27751552187596
3556,-7.4474966343552325
3557,284.7999710725637
3558,169.0978547530431
3559,246.37349073600072
3560,260.3304750772322
3561,-513.0606587852778
3562,250.56079279215322
3563,-98.66565816096696
3564,-174.15967653064814
3565,238.90985535396243
3566,197.25763040647345
3567,-107.5598018645663
3568,249.52772198331985
3569,19.622191737642694
3570,245.8505285396079
3571,297.61633812434457
3572,35.87037156293435
3573,244.8151252595711
3574,135.2721432684501
3575,-16.68187839280388
3576,-64.94377539287518
3577,242.91517362094837
3578,3.010255865058866
3579,-26.229191851964003
3580,-172.48849215295135
3581,183.26065914842158
3582,249.84084424788483
3583,-71.89533801075031
3584,-41.24805221740821
3585,-15.636887106645936
3586,-78.27986227475745
3587,8.82698862374393
3588,-30.26349984791058
3589,202.85444187169873
3590,164.11013221245696
3591,1.172632601670607
3592,190.5971904704252
3593,22.12273097866617
3594,-41.59909613517889
3595,217.0985541850102
3596,197.25518276771328
3597,33.01097497181516
3598,30.5975340434087
3599,-11.161787828566062
3600,44.02480168793006
3601,-444.60337219804546
3602,184.38632013367578
3603,179.46163248371155
3604,-133.0953332556748
3605,165.775582827287
3606,191.44388922033318
3607,222.01981440010235
3608,101.9794652355819
3609,-30.68257239067053
3610,3.7802446140536405
3611,70.68588543033968
3612,-311.132691479692
3613,-10.977415570322975
3614,-63.84886758378801
3615,-92.7860354210791
3616,116.8287809621833
3617,195.56741990627444
3618,195.5380424586203
3619,143.86879681629185
3620,-402.08490530816965
3621,188.1411180312782
3622,260.57778293558033
3623,236.7532759531071
3624,-47.96547459689826
3625,188.1557943749513
3626,148.67498851065034
3627,4.230888646796545
3628,182.1025638287673
3629,-146.68938662078017
3630,-207.30986469090618
3631,163.50673065771502
3632,180.60935545099215
3633,269.0328001576363
3634,248.6154196063338
3635,-6.1863335599928035
3636,214.35720175576773
3637,188.72711427603917
3638,246.63968312073834
3639,-10.052233757650257
3640,263.7014063437691
3641,160.94340030161527
3642,5.1364000860766765
3643,-124.98580579030462
3644,-110.34909980843781
3645,302.884789015363
3646,252.87471205479974
3647,-243.27271049452955
3648,220.64781648503106
3649,-236.9909909281923
3650,-22.075793789268005
3651,221.95009338826236
3652,-38.04052121295432
3653,273.8554718615038
3654,237.977118294294
3655,-76.06194598171972
3656,-194.89746500222617
3657,24.419653629156812
3658,249.33871100539767
3659,219.0468713118295
3660,173.17696673053172
3661,208.81006886744376
3662,294.69424000264473
3663,-222.6484632095911
3664,264.7698279773532
3665,166.09579643277687
3666,257.24730256870885
3667,275.83599796154465
3668,-14.625448212377975
3669,-241.4158525803018
3670,240.09106133087596
3671,-38.31793158093595
3672,-322.2925687346136
3673,280.44392849327903
3674,-229.85742244515967
3675,247.09350204273943
3676,-465.4830992463381
3677,-65.76919028828304
3678,294.3699509515767
3679,159.1247018736101
3680,212.87085799486644
3681,155.97876674677528
3682,-185.09946077526115
3683,244.95466116810746
3684,213.46374891086884
3685,226.50942631823304
3686,294.52037775512406
3687,261.1310368370587
3688,-18.783937218286894
3689,219.7476715732583
3690,287.37472157417653
3691,-21.00947334293582
3692,280.9514375082777
3693,209.63247028613114
3694,191.9260642473566
3695,81.45555067260229
3696,310.93574850926655
3697,307.1251192787855
3698,274.5590217321859
3699,222.96594423254174
3700,200.78190610564653
3701,302.4542818486838
3702,213.06770797388677
3703,196.3681574229697
3704,228.431586935373
3705,304.7254244809837
3706,222.57387902928463
3707,268.88048316410095
3708,18.74220179182582
3709,-11.504464099324693
3710,264.68754748691856
3711,-7.4762385771007445
3712,287.69567215736697
3713,-50.49982246476874
3714,225.83911774238913
3715,284.47100643994173
3716,224.52378375103325
3717,-303.8850098365873
3718,287.0135164332535
3719,-35.388144226894326
3720,197.49686387519841
3721,-43.21395842744337
3722,-35.94974254059319
3723,-166.8495885531967
3724,-229.38265941969186
3725,-196.64243085675366
3726,-227.39464865290614
3727,12.02246372466351
3728,269.1396745283556
3729,213.15676267585448
3730,-188.5156609364572
3731,51.32132267243321
3732,230.67457573663887
3733,211.9277379506957
3734,236.44108635785085
3735,-211.06458535701137
3736,-237.7823956336643
3737,-235.9431007371424
3738,244.51843855403303
3739,290.044277412361
3740,200.19698083720226
3741,225.57256832778
3742,216.89499809315006
3743,227.60740448132208
3744,233.7057429333853
3745,-59.568934669465165
3746,263.5217358191509
3747,-64.24044936734529
3748,155.87749782930888
3749,-294.72500898652106
3750,288.98780366798724
3751,259.4719683837095
3752,247.1998327330109
3753,-287.8825565705615
3754,-406.92798776820047
3755,-37.936507942892874
3756,-107.49536122780864
3757,-209.66236081331954
3758,-55.47843227924095
3759,277.5226116042463
3760,-337.4033284315244
3761,309.85317408070955
3762,-68.456386216354
3763,-406.3456917464014
3764,-10.142543727556166
3765,231.83875100342178
3766,238.39007223250343
3767,-41.91709406455648
3768,-29.731399252359992
3769,270.7146836182866
3770,-45.65776291523652
3771,281.10567655501603
3772,-50.809951556534436
3773,-53.367314556274906
3774,231.53009741385927
3775,-6.441850379992701
3776,292.94271174342407
3777,237.63130691062946
3778,-325.9008793363969
3779,14.488669468415509
3780,-525.9864892703004
3781,250.5709332512081
3782,-156.34267455555852
3783,206.25313774061775
3784,284.3531481821408
3785,238.60895764734167
3786,258.23533112789715
3787,255.67202864715733
3788,207.80724034323907
3789,-127.18547315188546
3790,-269.2990845843832
3791,252.2318550611823
3792,244.0403716459311
3793,239.93020504327907
3794,222.5947435976026
3795,239.95097068534932
3796,1.7870672727629113
3797,294.2691275711188
3798,259.4735357598282
3799,-272.55640707862443
3800,219.05887949842048
3801,220.53879746128328
3802,-247.81884956786223
3803,229.71202624051023
3804,-166.4960039410868
3805,-39.035368696612764
3806,245.29346848342732
3807,239.03916193774495
3808,234.63647408924928
3809,278.5424481137033
3810,243.46330308191898
3811,253.6385431139225
3812,231.68548153290615
3813,266.00381073981276
3814,-355.75685791684265
3815,278.3089562547726
3816,283.95191765915484
3817,0.9603487883782549
3818,231.63767928073284
3819,278.71579470742313
3820,257.11131113578995
3821,264.3392553690616
3822,223.0720850751195
3823,233.78183834500334
3824,241.36880071479712
3825,3.8381753229480324
3826,269.33784135362146
3827,245.7446023557889
3828,-170.82311462759958
3829,255.2638008156822
3830,272.52750502816605
3831,243.5226949666757
3832,247.0581745164594
3833,238.67372014680927
3834,226.0671228367547
3835,229.61836499163448
3836,-144.73465315329497
3837,-1.0937712491734715
3838,241.9341682064442
3839,286.1620916961295
3840,300.83897678588113
3841,284.90330368481057
3842,264.0599562019484
3843,269.70060924161544
3844,264.42292633804277
3845,235.94670632812307
3846,237.87907325284448
3847,-224.50269741118052
3848,256.51578586941434
3849,265.6676243521753
3850,259.12588287160526
3851,269.293911353631
3852,258.99980608698274
3853,-232.57597908722306
3854,251.69444880898757
3855,258.01223304506703
3856,273.34297740155966
3857,262.19409061692556
3858,281.75440172986475
3859,266.4058084779904
3860,266.1506898948386
3861,-1.583831665215456
3862,7.41843656738115
3863,218.05193455479673
3864,269.38642772156163
3865,255.70648442589257
3866,274.50975984694026
3867,284.1793598665405
3868,229.27700193380116
3869,284.5785957976407
3870,221.14769995100454
3871,230.22992387825437
3872,292.2294239911396
3873,235.0793528196375
3874,266.17223268943235
3875,255.16685104484148
3876,270.8915659318975
3877,236.2146965295476
3878,247.6271948401093
3879,271.41403624157135
3880,280.5960150627771
3881,265.808037071194
3882,248.57506987165064
3883,269.55385947852153
3884,279.3122387296635
3885,282.83788910884016
3886,-72.13386278780895
3887,270.89556210846877
3888,267.3951442593705
3889,253.05567863692934
3890,274.95141585632246
3891,255.00434411303266
3892,283.55082426704735
3893,289.718590955486
3894,256.71692211505365
3895,285.4867555199254
3896,235.65356725452867
3897,263.2840385919742
3898,290.9448703524261
3899,255.86828206148766
3900,279.34485430928174
3901,276.77382449963534
3902,257.20781367068696
3903,292.97377737416394
3904,273.096884811177
3905,250.839564914094
3906,249.9666282376183
3907,232.44563925644508
3908,249.61491327291975
3909,249.56462171489017
3910,271.52695316797605
3911,255.89843653185474
3912,241.6387883477384
3913,275.93113812951276
3914,293.5001948627284
3915,271.9370378123084
3916,256.95387092875154
3917,271.50006471916345
3918,244.11630179365264
3919,271.1808659714712
3920,250.69780587177675
3921,262.15312812402783
3922,207.94605311111474
3923,230.9976028703547
3924,190.45426973906322
3925,274.35069896047673
3926,242.94346804517164
3927,257.75759773973266
3928,240.77927873939407
3929,282.8721425238141
3930,240.08236975270705
3931,255.89266012347034
3932,276.3821116946978
3933,250.03383704584448
3934,238.04989134286592
3935,285.11033227179064
3936,271.3587666517707
3937,-60.351775972576036
3938,271.37046707145663
3939,242.28197446200375
3940,-145.94889250448742
3941,273.3416651763947
3942,279.84231421548327
3943,225.63965718596594
3944,205.90156294200216
3945,252.4087066309326
3946,258.36596120578224
3947,268.84733997081105
3948,270.27294134068705
3949,262.03069821805843
3950,254.6259168775524
3951,26.273830970470854
3952,223.09976176289115
3953,234.11005521120546
3954,243.07276543830983
3955,205.35817401632306
3956,275.07679075095723
3957,108.16731951585967
3958,20.22978581029166
3959,124.93386834169107
3960,283.9116289878074
3961,289.3768343123088
3962,281.14945205790207
3963,267.3034326890475
3964,231.48045732919567
3965,232.35850942214432
3966,241.35480618280462
3967,225.5463494157935
3968,201.15035689166615
3969,214.07195567359796
3970,206.74196123473243
3971,284.5135818176368
3972,261.05618732868743
3973,-157.22422024588843
3974,29.529784830102585
3975,216.48421319048197
3976,199.41008279000906
3977,235.31994652233843
3978,-212.14299882546337
3979,246.7944883107337
3980,235.96434338073908
3981,279.3437463346263
3982,288.1314173545351
3983,273.22128543735056
3984,240.92031044129797
3985,276.20661853507556
3986,275.455013207419
3987,177.33464470640354
3988,-165.8885394211449
3989,253.80113929054883
3990,-63.0078193384457
3991,284.1530509831224
3992,282.8270432743826
3993,252.74065756681586
3994,233.77728985296707
3995,255.16072685068724
3996,287.95708120636164
3997,263.9572674486849
3998,235.66481674287326
3999,270.6526586746211
4000,251.42564355598086
4001,254.63830040892768
4002,-15.704704458215588
4003,172.34513968606515
4004,246.26316288922658
4005,204.25583483526466
4006,253.11939012315224
4007,194.7044898903921
4008,192.7214672874321
4009,230.777922307289
4010,-62.03639103825864
4011,211.18372390461946
4012,226.36640070214784
4013,-154.6039164150111
4014,4.680167545288725
4015,225.89440151960486
4016,-58.87090523257808
4017,-11.575643622875504
4018,23.725748092024332
4019,233.53059277864494
4020,256.72516660112797
4021,-26.779538698054836
4022,233.90933186134396
4023,278.41932715203893
4024,268.89412118958444
4025,247.47206396514463
4026,41.84385397481191
4027,190.28500446426506
4028,-22.811915285301268
4029,269.8824855142891
4030,247.8856106011655
4031,21.420498058934044
4032,264.06337302410503
4033,259.39934679166004
4034,212.2257640318674
4035,38.29309095043118
4036,241.37232740447357
4037,233.80062556394523
4038,227.60133355720671
4039,-1.9746407606107539
4040,265.418017994686
4041,45.32610464838231
4042,285.11107539747235
4043,263.8506761101248
4044,264.76628976068446
4045,-81.33338603232312
4046,237.4971111098464
4047,267.7639925797778
4048,-22.34843007920209
4049,283.6844005133005
4050,257.4526794988541
4051,155.2180555990117
4052,258.77486065385347
4053,270.47884813303943
4054,2.329427288682318
4055,266.89816806966087
4056,-110.170649281924
4057,254.0211383114423
4058,-299.3619867137376
4059,264.82193424952237
4060,200.75043807870156
4061,179.36935430531162
4062,-268.26676253450086
4063,294.8041638641309
4064,259.0793622630715
4065,17.416032380130616
4066,227.48296881218064
4067,256.21746057372155
4068,238.66463495549866
4069,240.7293714863153
4070,259.3066043309433
4071,-14.786714848714794
4072,289.9006811698188
4073,-93.99613721137058
4074,240.29659793232742
4075,254.61553352117681
4076,270.8818262081096
4077,234.51210907030165
4078,260.4284771615788
4079,204.10682983882816
4080,-155.00955822447975
4081,-134.45610358379827
4082,241.8568930364331
4083,265.4684945398492
4084,174.6494123096728
4085,275.390376251572
4086,262.95778013480265
4087,278.5347718598996
4088,251.82296165271347
4089,266.86498515135725
4090,260.2368688394163
4091,255.95930488827125
4092,261.8609987762569
4093,245.7866203495486
4094,225.54827759000602
4095,221.96837040043036
4096,245.5441451968595
4097,221.95062618297607
4098,252.9551343825877
4099,244.0713963163259
4100,260.1446329525022
4101,242.0444270765299
4102,225.18912693358212
4103,-87.47703922649374
4104,-108.26935757089454
4105,244.1898011388671
4106,251.605082582883
4107,233.63291579759138
4108,-71.55184948678298
4109,67.30275111880792
4110,217.42639667152213
4111,-61.28252880426331
4112,231.85776998566195
4113,272.9661193194384
4114,283.001661885922
4115,278.90972358250207
4116,36.244858613757344
4117,228.44998478873964
4118,271.0868753294825
4119,248.74320553250226
4120,-87.54287112078777
4121,18.11883171872561
4122,236.31979471189453
4123,247.91027773633186
4124,269.15090900283275
4125,259.49431100534093
4126,246.85045127621052
4127,241.87787193726433
4128,281.41373400538055
4129,254.61164060934345
4130,263.60081465282633
4131,227.15580163320345
4132,-93.75009576871004
4133,267.49334757673125
4134,268.9675180576605
4135,272.63698361802847
4136,263.9296850049472
4137,-102.37826887494516
4138,101.4401499802564
4139,262.2916092096435
4140,-28.09449469476823
4141,264.19170903368666
4142,269.06919559477876
4143,-129.3446368968298
4144,-127.53038126017185
4145,-68.81089730484528
4146,216.79854228731688
4147,256.6521948039942
4148,267.5136538996502
4149,-110.42222915327196
4150,271.9522698417617
4151,5.241755292557883
4152,260.3919303141802
4153,-70.3955252388898
4154,-43.26021547590868
4155,265.09683041125743
4156,-92.86155580620496
4157,194.93403855156242
4158,-16.11395946985627
4159,263.27686551723735
4160,131.31151779823836
4161,-130.8904210278761
4162,-108.41528478174405
4163,-251.0051946890626
4164,248.1953686455959
4165,234.4963287207115
4166,-355.65695246592975
4167,-4.11909122839522
4168,292.6121882530283
4169,266.6864395042302
4170,154.18781398166266
4171,-156.06634858520314
4172,259.8540800395266
4173,247.66859909530905
4174,279.85483320945184
4175,33.25920277208368
4176,255.2239048859831
4177,196.01629962491256
4178,-25.280721613462006
4179,243.724623749196
4180,88.98198021011211
4181,262.3060062091827
4182,256.5826659466906
4183,138.58500285162603
4184,199.66896791970464
4185,-165.17752094421485
4186,266.00734038269474
4187,266.9066219457956
4188,-32.89168485339479
4189,-113.10707793917099
4190,-74.66331746546918
4191,-14.136367759748723
4192,-118.00954036492156
4193,-106.56721153682125
4194,-126.71634390117288
4195,253.67641886608612
4196,146.5167852473025
4197,-136.33834885066008
4198,-143.17477045479876
4199,-36.16985689525495
4200,20.734112520113115
4201,223.07356750499306
4202,-183.30890421101958
4203,232.1416509516128
4204,-8.735685866406769
4205,-123.09380559370686
4206,142.4588746833392
4207,-13.669586483517449
4208,312.6359921118358
4209,-57.77647897021028
4210,188.7545141099941
4211,172.9409666603491
4212,-38.8017338187375
4213,-129.5662617987886
4214,145.80262863206116
4215,-7.813819308399445
4216,-75.12517234586461
4217,-118.92470466146493
4218,244.17124262346084
4219,-47.232446147301154
4220,-122.88583730717741
4221,268.1117401116692
4222,-14.842695975985947
4223,152.00220392643863
4224,187.52684066085578
4225,246.70010076640483
4226,-153.2448865606383
4227,280.19284446051296
4228,307.9371569753011
4229,-13.881842870061556
4230,-248.73833376405517
4231,-254.9666303001803
4232,225.2738160873219
4233,-169.72166892106347
4234,268.93358441323466
4235,-171.4254720791733
4236,26.321808604428824
4237,253.6370015853904
4238,268.43108673785264
4239,-20.584717015466026
4240,252.2378216235844
4241,-42.9904171879403
4242,305.5860125029916
4243,3.7554431689678296
4244,-1.3571325654702662
4245,-129.88775618349976
4246,139.55200203722777
4247,7.181392681536179
4248,204.8159487937169
4249,20.600253626439297
4250,174.756691211911
4251,242.4084602052882
4252,147.04875992776664
4253,154.11522095799302
4254,-28.718868519266394
4255,9.56421488693029
4256,-207.6469700986491
4257,8.294760914649245
4258,255.74675120819535
4259,289.9421579274236
4260,-230.87236360840822
4261,29.607763769756353
4262,204.27710296640905
4263,218.44568775182137
4264,219.8255588499577
4265,241.39319733019752
4266,-75.69310588014228
4267,222.29462769480244
4268,7.970461873746061
4269,-15.35324604211121
4270,-157.6092848247834
4271,-84.93238888959675
4272,168.54660580825765
4273,196.99289222462147
4274,-205.88387729576309
4275,-208.48764137562003
4276,-84.13303004553717
4277,-160.24340156061464
4278,10.832008003548676
4279,-149.9371397772761
4280,-13.873033647125752
4281,-130.8199074079093
4282,14.083657585436411
4283,-41.17352174676299
4284,28.254586496481796
4285,-231.4019618516226
4286,-150.1582130147836
4287,-27.072273267884487
4288,-41.147960802759044
4289,158.6168017575387
4290,-53.5634312963832
4291,272.60885522850015
4292,18.68030145006763
4293,8.177040657808115
4294,-161.57092484131874
4295,178.70241209853333
4296,-224.01301947761004
4297,3.101820996916416
4298,197.90196646474632
4299,-164.31251008214878
4300,236.06589028889667
4301,242.6564725888111
4302,-193.479265535511
4303,278.0658559135097
4304,240.20577929735464
4305,31.832021486575258
4306,27.26485746655939
4307,266.8094592050759
4308,-264.5405262883187
4309,252.78752945672292
4310,-146.33113908810557
4311,289.89879856267424
4312,-153.4730294765218
4313,-102.46780539415545
4314,-151.3123730768427
4315,-82.71407882228945
4316,-291.652098367931
4317,280.3480019147571
4318,35.358705209254055
4319,290.6580332351555
4320,-237.47175428053734
4321,-220.72457281411982
4322,282.45631940905366
4323,256.4917701471858
4324,221.12925530649864
4325,209.03237635611123
4326,-199.89765841798848
4327,288.8760551810783
4328,-421.8287606382625
4329,293.39334035103855
4330,252.74207272284275
4331,-312.84743903081625
4332,195.2789182708498
4333,2.5758756367970648
4334,229.20887042208378
4335,-241.90042628743163
4336,7.578900646349794
4337,-300.5531347160816
4338,227.39717829448742
4339,111.96211493055375
4340,260.09989721352173
4341,-18.117923389496227
4342,266.00735504934084
4343,-0.4380203399749547
4344,-360.03527670182723
4345,-88.67254236505505
4346,265.54977803350243
4347,285.0974259227154
4348,-6.41375454920238
4349,32.28515468691802
4350,273.44234808910335
4351,-156.47750359547615
4352,254.52876056890685
4353,296.4317923154749
4354,246.0776932889778
4355,29.068207625508933
4356,306.390653146432
4357,0.1905792694091133
4358,-176.8827523343184
4359,255.23623054351694
4360,-330.8361375263655
4361,254.65880167082975
4362,178.62338043124856
4363,51.59065731873072
4364,252.35250142680306
4365,60.67407261371605
4366,237.1628137315674
4367,-290.3513216874019
4368,268.5661851052932
4369,-330.54435176138816
4370,-42.55089473183005
4371,-166.2971074720195
4372,280.18271051728595
4373,258.6262953210136
4374,243.5675777684683
4375,44.89035286554386
4376,-46.55941216360375
4377,216.5547966151699
4378,13.0959186401535
4379,13.941910768101081
4380,227.4674451653241
4381,-132.2146618993255
4382,-151.74985487997927
4383,-264.3425632095759
4384,-182.61440942504782
4385,207.74152845393735
4386,-278.2315150469292
4387,210.24815166196433
4388,-197.95454786125782
4389,226.71380163376728
4390,-39.02951749016003
4391,54.34796169092408
4392,11.213441567632245
4393,228.51125676959555
4394,248.0343264432497
4395,174.45575490231872
4396,2.065405476559846
4397,-156.94791801627773
4398,-132.41684438233452
4399,33.707424866170214
4400,-176.83276368124686
4401,-214.02515691546162
4402,208.01066539728288
4403,222.14445749812654
4404,4.788091079624181
4405,268.6853295892754
4406,-192.72143808999365
4407,181.54269722852098
4408,219.4452695793735
4409,-130.37177405802646
4410,13.549564357655552
4411,206.709122045811
4412,-179.6739315073329
4413,14.500490766804674
4414,68.20967831073592
4415,-79.66923256770774
4416,-41.98996205569667
4417,-39.70682208504461
4418,-16.924115868886666
4419,-19.796920987257
4420,14.06527505082104
4421,-35.30925354951328
4422,0.8014235077037588
4423,10.979541951217975
4424,5.3721419606215255
4425,-25.255598455894837
4426,-26.56836985824808
4427,259.14826936449236
4428,189.71561124330705
4429,-17.5646672485776
4430,-301.86965443253405
4431,218.079451853474
4432,224.21713218694927
4433,1.830562172025292
4434,255.14046142402188
4435,232.45050890766663
4436,276.9362275786433
4437,-16.825673062657884
4438,28.037254878972725
4439,-16.724100618174383
4440,-30.78678244885554
4441,189.7827281745923
4442,13.500014891456798
4443,-177.01813865204684
4444,-140.70522054625917
4445,-24.681198168533626
4446,248.6318048738674
4447,244.4704839450826
4448,27.42521213371955
4449,46.52922378797868
4450,32.95707880932389
4451,1.894771904793673
4452,-11.925126679149315
4453,263.9591205369569
4454,278.53481751310915
4455,218.7140768139404
4456,35.03693023633582
4457,268.7139334233152
4458,186.57095382721005
4459,173.2263455972393
4460,125.51764433334353
4461,20.51103215715603
4462,-5.1402419707766285
4463,155.38127316531038
4464,-18.51291592573622
4465,3.315371129633105
4466,279.46008234866633
4467,-257.24111217255324
4468,257.2151131321519
4469,-27.79211422354628
4470,-161.9611360595532
4471,-42.51964032176217
4472,283.28850255120074
4473,159.42501927312537
4474,-42.960175188349226
4475,233.6695645577985
4476,2.311032702639001
4477,-8.556784181502769
4478,-182.1957953180723
4479,-407.8813074889915
4480,2.887358670918081
4481,-4.074475517148639
4482,257.73024627207536
4483,-45.97661375989976
4484,-171.28633113626125
4485,9.962936283047043
4486,224.810855858146
4487,-9.03212523712665
4488,-203.1805996665397
4489,232.17091511754927
4490,250.104021838986
4491,-196.92970110055808
4492,251.72707744647352
4493,-50.65312944016515
4494,39.0138586753123
4495,-52.634019950612085
4496,198.228479645424
4497,186.184571613343
4498,244.49720005723145
4499,241.5037743720959
4500,-22.338664642331906
4501,199.3339691197118
4502,126.44110940569605
4503,109.32865908751776
4504,202.07936077894186
4505,225.6046013995052
4506,231.59312086489035
4507,195.46063844189837
4508,185.38291401663338
4509,218.6273294464338
4510,-37.13495585147224
4511,-38.4373831890316
4512,208.07470229791744
4513,-73.23262177484806
4514,238.97207475876309
4515,22.421283411417875
4516,278.8469214157616
4517,217.20058063502788
4518,142.08191896558964
4519,-42.327910884490656
4520,-75.51714703442335
4521,-37.04634413693473
4522,-103.37319895953179
4523,184.28662401544847
4524,-10.913254243137914
4525,180.5250093653019
4526,244.86514715835864
4527,169.79034034951556
4528,156.58603861055974
4529,-48.106534640028904
4530,187.44732957385514
4531,-162.33716824450408
4532,265.9387518645235
4533,-82.49894387567312
4534,-35.81232513977612
4535,-63.08997257078924
4536,252.2557257865091
4537,179.2488031800777
4538,-56.149111239112905
4539,-18.928504126269218
4540,208.09336134044162
4541,190.18840508104728
4542,-42.32004734343454
4543,209.81371404249583
4544,-19.798772979400052
4545,-62.134836100623005
4546,272.14724156696514
4547,154.33096777983272
4548,197.48575878000725
4549,242.9638090703272
4550,245.89776218378165
4551,-6.552277445510695
4552,95.06198764612382
4553,262.1257951538883
4554,-12.231470334216795
4555,213.14608809974922
4556,194.18910926049432
4557,229.56061808545124
4558,229.36118533340164
4559,25.03302524053271
4560,194.77448206278058
4561,273.07524920955683
4562,203.00251443667992
4563,170.1495253061753
4564,260.34349671281484
4565,247.42209264523328
4566,271.31626383460303
4567,242.62820277982323
4568,261.12354792950833
4569,115.39574611707904
4570,274.6588795500311
4571,160.38624208274712
4572,248.28364502258563
4573,265.5346592742001
4574,258.45627647155203
4575,249.37063367255877
4576,119.44702789745122
4577,257.08292710738357
4578,217.8384900260598
4579,287.39194565681555
4580,263.24769645437704
4581,255.75307816936788
4582,193.91712586961387
4583,213.26043918228814
4584,224.976982780355
4585,208.27193713341688
4586,268.324939569254
4587,230.81087777059875
4588,304.97358210680443
4589,160.38283217021552
4590,278.97572062015945
4591,256.6871131153597
4592,241.90703700613912
4593,166.11928388157924
4594,197.31750926124226
4595,264.9380375953283
4596,283.84308999930124
4597,87.92121649370993
4598,215.0547998570136
4599,245.32221813628018
4600,296.9083665073802
4601,243.27310312516946
4602,215.288838172331
4603,238.91733237366492
4604,-34.173497843215344
4605,275.15039569987636
4606,-49.74349421017608
4607,251.72740245589972
4608,228.6750307607938
4609,179.38286692943814
4610,189.0098111951848
4611,-21.379052158394927
4612,273.4138432075638
4613,188.27871264008843
4614,204.70861596923783
4615,15.410425922928525
4616,193.86337043661842
4617,273.56626944577584
4618,-26.102930583867504
4619,171.51085357907772
4620,196.8343509022231
4621,172.05425324818054
4622,212.6699118656514
4623,305.93139002467007
4624,29.66283025243692
4625,31.762545086312684
4626,211.4773390092402
4627,210.0180227744525
4628,266.46239878371443
4629,291.0369819316316
4630,227.3887595614875
4631,57.01707421714597
4632,191.31409696897663
4633,234.8958987413292
4634,269.531097819794
4635,256.182666401132
4636,184.39129174360426
4637,247.06209093750155
4638,224.6166648203265
4639,225.74801871759402
4640,237.99893067423113
4641,250.0661731580506
4642,264.87435015115045
4643,207.9482602326222
4644,0.6069243786094489
4645,286.0313897127786
4646,217.5206430681477
4647,13.436300733504439
4648,278.77114665745876
4649,-6.948763774543636
4650,276.6962632892826
4651,225.24146541713657
4652,-19.101254174823026
4653,7.721976772931001
4654,223.0694954927423
4655,254.96852042932954
4656,259.53096505989777
4657,252.4103174158129
4658,19.782970397167375
4659,6.7337350657420245
4660,260.09517741800033
4661,308.6511342267278
4662,283.7236107167736
4663,-3.240817621728862
4664,4.951502977551428
4665,-44.88685346432178
4666,213.23281324702947
4667,244.10049932110488
4668,22.43470821335694
4669,-57.93219547141085
4670,240.7250716420871
4671,-81.38064540445717
4672,285.24216361918786
4673,204.43492741224202
4674,-42.06267415595158
4675,230.8465777863461
4676,206.4036003096168
4677,158.01971567793805
4678,257.75360154763734
4679,215.2430348149183
4680,-63.382106519753954
4681,180.31221105322055
4682,119.09174916046254
4683,303.30655805447714
4684,-3.655963412951934
4685,215.58817062183113
4686,146.49378576143138
4687,114.04728524590048
4688,169.52032601207947
4689,288.5291336916491
4690,43.28513646209589
4691,-22.53073890852954
4692,13.303830018617575
4693,-159.03315295873955
4694,-27.485054974540773
4695,192.03757966773514
4696,-78.31500526631403
4697,40.973741924412224
4698,20.47679412229131
4699,26.586633161715767
4700,232.1976044602881
4701,213.6934377844127
4702,205.78886141562396
4703,263.17790596033456
4704,-36.41821620451093
4705,104.71972363340676
4706,104.02520241731739
4707,-12.748630045217269
4708,-97.31384643836326
4709,289.8122386100448
4710,166.04631143221198
4711,179.0580129062876
4712,43.864159886940655
4713,241.85490640565416
4714,186.1540704803278
4715,-215.72549722169725
4716,-5.779997448811429
4717,245.95073647563132
4718,-28.13586337427293
4719,207.513785825363
4720,160.4232503892656
4721,161.05973343452567
4722,135.90508218497212
4723,-130.38107580671956
4724,177.97327939020008
4725,-11.799094006935462
4726,-42.93073375371408
4727,-13.644241728480552
4728,245.7134308876221
4729,177.22232847409225
4730,16.394029245492305
4731,241.3488179887684
4732,229.71011383379755
4733,166.1599603078153
4734,184.48209452303882
4735,302.19717575496037
4736,220.3683359429293
4737,283.43832549892124
4738,186.93449683842113
4739,-63.76867876416231
4740,-56.840431723399654
4741,194.53804921020935
4742,9.12176645546036
4743,227.54731007248637
4744,218.49380173331525
4745,174.07127424377475
4746,293.92875183296917
4747,141.2945755512489
4748,267.97113659685033
4749,187.4901527574063
4750,194.45712919117858
4751,-472.7837239214934
4752,86.89831612925717
4753,-201.88715266140542
4754,281.9842630948474
4755,215.09927625804747
4756,305.26904858085214
4757,259.73731899500797
4758,147.65438160857482
4759,217.3824270749405
4760,246.52388454677083
4761,229.49798893921522
4762,40.972367792912166
4763,-10.482448813644694
4764,277.2890486961993
4765,257.57127462680637
4766,260.68946522027267
4767,219.68144824226766
4768,20.106140567731018
4769,239.83309802490538
4770,319.3229860446022
4771,228.59045566214354
4772,-40.47076791971509
4773,208.05493993348142
4774,-11.720086881195073
4775,267.97169537942557
4776,278.73880347844477
4777,257.9561850135889
4778,6.0901053809364925
4779,-52.2709346114179
4780,273.2373866682059
4781,244.31037094398982
4782,137.2594578473168
4783,275.69240105655126
4784,-5.173660628296005
4785,206.1560070692404
4786,-1.1612903936406127
4787,275.25063737189157
4788,226.97847913821812
4789,271.4251718264079
4790,134.91445779872794
4791,231.32342585583174
4792,273.05413600614514
4793,281.0010534494764
4794,151.22833004168197
4795,179.18520212194096
4796,215.8616602103338
4797,230.00128920930499
4798,265.65075469428393
4799,225.6192803938727
4800,230.9947516350805
4801,303.08630114378474
4802,214.16217697455278
4803,-147.2648330905869
4804,-114.82601620501076
4805,181.1902538182335
4806,-60.11518099265255
4807,256.7315890255046
4808,252.98941568259124
4809,241.21351249060342
4810,-261.5916068808883
4811,268.4902408262652
4812,-16.710501579145244
4813,166.82806640348065
4814,246.09706609992736
4815,153.31943030939334
4816,228.15332591729378
4817,283.1552677263139
4818,-212.3494611958152
4819,262.6851718859089
4820,247.84606329151126
4821,11.726451026237243
4822,-131.0008759345607
4823,53.32319447334686
4824,298.9821241873237
4825,20.838199690755204
4826,289.0038789270229
4827,244.81179716965832
4828,235.40348847839766
4829,233.82631394925968
4830,-48.13851783866174
4831,201.90022884005748
4832,-67.18148636936327
4833,-5.890546860671051
4834,-27.016897144692976
4835,238.2358469035093
4836,184.0421050843764
4837,231.67390010548445
4838,276.9749716918883
4839,245.58882625619438
4840,25.325683329675797
4841,230.0104740312632
4842,-186.29042959882807
4843,-13.993865738396181
4844,195.6194449934478
4845,288.7309871618338
4846,-30.242785074873282
4847,190.8585352974895
4848,195.76497562322209
4849,224.1516153874826
4850,276.0127622805087
4851,-186.195005280494
4852,228.16634692861973
4853,267.14477523488625
4854,303.36801900171105
4855,248.1534346433052
4856,94.7211777868033
4857,-463.1389517833455
4858,290.62274825364756
4859,248.37416885887535
4860,-0.7758577338267685
4861,267.6732100847077
4862,14.52470078325129
4863,13.18477416166445
4864,259.2846814738823
4865,249.15977092708164
4866,-4.010826888632778
4867,276.46656958545543
4868,119.24040989908433
4869,-253.34262344500746
4870,136.48253198561477
4871,27.694648889826766
4872,-648.3777076606164
4873,-328.2995519866659
4874,-236.5308558485938
4875,-342.11086637688413
4876,-84.4858068750598
4877,20.921174675108404
4878,196.44292682397472
4879,1.3005840681452412
4880,180.67315292056716
4881,216.97628519987185
4882,242.49226869916916
4883,-0.9866274629704463
4884,178.5822229955985
4885,227.94512944105733
4886,270.26690915959773
4887,-3.2361032836401478
4888,-33.29970679058444
4889,-19.39549416027637
4890,119.760132952112
4891,220.74123227231834
4892,250.17837174752447
4893,132.85756877046254
4894,0.11608159373651006
4895,268.83637006987044
4896,173.08361223705901
4897,-7.447488615670551
4898,252.39968022073666
4899,177.93574114609325
4900,-10.60018393063929
4901,198.21497151925257
4902,224.7495534665047
4903,185.45270970713398
4904,182.21489109906668
4905,253.85108993491252
4906,232.62174233191757
4907,221.14769512305094
4908,-257.09114919978913
4909,202.4444585707839
4910,206.35289330579795
4911,-694.1586254057473
4912,262.46199572481737
4913,293.2456444153184
4914,-272.1996018085374
4915,222.30770723679152
4916,-130.89349489707197
4917,169.2148508583845
4918,-74.04277978233938
4919,297.25348591150555
4920,-392.629046386595
4921,222.39024094990387
4922,-267.4201923418892
4923,-35.93728492387959
4924,179.85923468387114
4925,254.89445991500065
4926,-30.918311204834538
4927,281.97595922430116
4928,203.24866868692308
4929,184.33585210068202
4930,237.25588528305042
4931,-73.88207334409273
4932,-305.59609995327764
4933,-21.104421203335534
4934,198.1293644184678
4935,284.2558909191048
4936,196.35414572521518
4937,249.32152885254382
4938,105.19491235571464
4939,233.11384251936462
4940,-14.097300421819709
4941,173.37619575564077
4942,226.47365210222762
4943,-131.70126222014585
4944,-39.1632322544512
4945,230.18958609085465
4946,-98.74463175986803
4947,-36.39916790899568
4948,-267.9156589439878
4949,225.6872876355851
4950,-167.56842027230118
4951,261.7938133801231
4952,56.455358846386474
4953,-37.860696858151954
4954,-363.5180195390122
4955,-312.76339607162515
4956,236.90789678732025
4957,14.879227891160028
4958,-235.20569187147026
4959,243.04551349874802
4960,238.85967032299627
4961,-393.48171657818085
4962,290.70258570154544
4963,185.90303820445368
4964,-161.28662728893505
4965,249.32940813156767
4966,-291.9764729714285
4967,257.0486932985376
4968,260.9391022294354
4969,-110.52266790838215
4970,176.83688360845787
4971,261.68183820378545
4972,-251.11735186483088
4973,213.96484334456116
4974,231.8321179654343
4975,245.56495459887688
4976,187.68716301549233
4977,248.08278873664935
4978,261.82652836456225
4979,241.62379851298383
4980,258.79687682033585
4981,206.0431461480299
4982,235.01509290010154
4983,277.7962660488803
4984,212.7525355998984
4985,12.427601970098422
4986,229.97989242526816
4987,239.63121453584412
4988,246.2375213990444
4989,206.04957065709064
4990,234.79990919555712
4991,183.56186241725922
4992,270.14252828020597
4993,228.17753400667172
4994,241.26470497404037
4995,198.60417353974216
4996,258.7907213797325
4997,222.139767415714
4998,280.3438324180096
4999,-180.11087986147115
5000,234.89721801352803
5001,35.46204694365329
5002,279.7881980796037
5003,238.22827534437852
5004,252.6879807913276
5005,244.08115119230925
5006,244.8264588971298
5007,236.66400310373731
5008,248.19736909561684
5009,267.7782404682174
5010,-281.68370019600997
5011,299.9959418889267
5012,189.46084784211212
5013,-67.46732782281578
5014,246.12998919122458
5015,243.53314386491164
5016,-80.59340639441525
5017,250.0025215784621
5018,220.93377301691365
5019,269.2669220909062
5020,248.9989486325801
5021,227.2683676593046
5022,24.782544855872334
5023,135.20361470384955
5024,-280.81091392520386
5025,-171.7297574937934
5026,232.27146964348944
5027,-128.2639053647032
5028,118.5102039319727
5029,48.594801583973876
5030,244.8166910140031
5031,227.71972416885495
5032,-350.0332867322105
5033,209.8347123958199
5034,-68.91434563654093
5035,144.24565063875718
5036,246.68263357976448
5037,-170.58345291274688
5038,-202.46933486151488
5039,-203.37978704078523
5040,-47.14604380696342
5041,-42.45889721258898
5042,-62.49511383935753
5043,237.9425728100757
5044,253.6824097148912
5045,-126.28416366357882
5046,-172.35251926805958
5047,278.82772181402413
5048,-134.66600026841894
5049,253.18635510667727
5050,261.1817862496682
5051,-379.14357515996073
5052,-66.22591310616158
5053,-118.65280448240011
5054,165.00270113283335
5055,182.94338343333007
5056,202.5326171740105
5057,-137.21050718183278
5058,213.8467873386117
5059,249.43910291094056
5060,153.81766332079073
5061,-166.0753335223451
5062,-77.77533055564315
5063,-79.96306919819119
5064,-10.568508887460425
5065,-247.36401247969485
5066,-241.96216877120318
5067,-59.114744682893665
5068,-153.3734276579743
5069,-16.76863000419688
5070,-112.2495925155469
5071,-151.65602608009175
5072,-86.55717596621345
5073,227.7357344682597
5074,-359.95547565869526
5075,-465.3298351137761
5076,239.15966158031176
5077,-153.00211917900867
5078,-193.4678851688882
5079,-216.7405840737248
5080,-324.10396579215154
5081,259.630607388739
5082,-57.311469945793036
5083,-223.50126499438835
5084,-31.88649592794279
5085,-141.1073177752317
5086,-79.91985445259942
5087,192.50038954013274
5088,-195.549663431409
5089,-25.547100013706626
5090,273.22755156192386
5091,243.3034155634215
5092,-296.2075615028708
5093,206.8452716670414
5094,277.36030158581616
5095,6.090514091883511
5096,283.35910906495224
5097,271.7416860626802
5098,67.04752867407919
5099,271.9516671965132
5100,-48.33194382240485
5101,233.97653329089306
5102,172.2021193751671
5103,285.30780113287005
5104,283.860736008929
5105,239.89972684139553
5106,8.318909251672807
5107,129.88466668648107
5108,221.43231634413513
5109,-47.408626204718395
5110,-82.1419816063202
5111,247.93559344424952
5112,274.27511535098995
5113,110.77161118551442
5114,-146.48255058884365
5115,215.3381898554747
5116,-3.887655931004603
5117,241.2941111798769
5118,31.659312525082505
5119,58.231139090006124
5120,8.112190529397338
5121,-35.78342455299469
5122,17.514115299229857
5123,206.53766844125613
5124,160.9833089781094
5125,14.376633677728393
5126,13.901445561271611
5127,-71.19101325058686
5128,34.74869468167208
5129,-29.6245347146106
5130,-240.62896930234922
5131,-27.482514338155813
5132,-15.77905072740332
5133,180.03213320965824
5134,231.65986394331753
5135,-8.176486785585238
5136,290.65638526431326
5137,274.608212960482
5138,261.7193887669576
5139,-145.46817408747654
5140,-472.484023988284
5141,-279.24030493614936
5142,-266.65627803533994
5143,175.48581624638388
5144,234.36020713168347
5145,241.34651017177873
5146,243.56110547271757
5147,229.16033346585033
5148,-40.887812241587795
5149,170.6342213507528
5150,254.09017958920737
5151,202.3988587331395
5152,246.04148332639122
5153,-30.77129595306728
5154,122.52203777396684
5155,-4.863594142122313
5156,-49.172420835138816
5157,242.6629376562893
5158,-39.50139746260135
5159,-76.85395182856985
5160,198.2599852991738
5161,265.5015760609948
5162,200.1187020406387
5163,250.36035796076598
5164,205.48910958837916
5165,157.55794112940785
5166,160.52275619735394
5167,34.55052697813639
5168,-51.92807672307243
5169,-313.4790658700465
5170,-11.761892048797938
5171,204.42804572489985
5172,82.5789818753911
5173,-38.28538637463481
5174,190.47258957700564
5175,-227.6711557960386
5176,-136.05429590162467
5177,193.04971422030252
5178,-208.59708088367026
5179,238.00963000685198
5180,-328.19981033301246
5181,-494.22972702838365
5182,-222.1195269174058
5183,197.54902791683935
5184,-83.64001425490667
5185,-134.55031996653602
5186,-418.64917734084196
5187,178.62129409045428
5188,-127.805384062061
5189,-252.74790731417266
5190,-3.233603925891525
5191,202.26075882795917
5192,240.9924015924257
5193,-343.83180695790566
5194,231.37725499843265
5195,-176.97924611567413
5196,220.02198804948668
5197,-118.94190816107232
5198,228.6661674261499
5199,219.39559927726737
5200,-168.43148761548107
5201,-94.5749731465516
5202,-361.9922241263174
5203,-240.8303523009057
5204,233.94919517446345
5205,233.72296734203016
5206,197.15641183828865
5207,227.93131457505422
5208,-82.84222249153459
5209,123.42100023099887
5210,106.97530003123782
5211,247.11524472038076
5212,-170.4202984422871
5213,-121.53863770088351
5214,-225.62778416943675
5215,131.97219541831737
5216,123.32165621895732
5217,253.53962886428593
5218,226.44014988276928
5219,111.33012003772937
5220,236.21284584977013
5221,110.77027988028222
5222,-138.19286821134054
5223,102.9505427371557
5224,203.91196582664742
5225,-16.624589855854808
5226,-167.70932289274685
5227,276.82625077964514
5228,-122.48661214909683
5229,-327.5997116819219
5230,-110.39337767562455
5231,-116.08893143962112
5232,173.7087133160934
5233,-385.0681752352316
5234,-317.5489092917112
5235,-76.6454361440387
5236,-185.89681139764312
5237,-81.63328198671597
5238,112.41419347380649
5239,203.0957967508125
5240,140.81265796653486
5241,-1049.9950371384389
5242,172.08391646668832
5243,-306.0867318880667
5244,133.64391409839007
5245,-304.14323566549905
5246,76.51984708032955
5247,-3.885077093819639
5248,209.35833832150564
5249,-106.48006362674488
5250,-499.6148360188425
5251,184.65524464124871
5252,155.79936492488937
5253,156.64677228275525
5254,134.96940042702704
5255,-287.7403468080625
5256,-178.79468519097645
5257,-151.8802596042661
5258,-219.33729514049156
5259,-33.53074047691862
5260,-284.1526361081859
5261,-579.1680753241466
5262,141.99060654205857
5263,229.2305786220254
5264,226.94448872947248
5265,192.41200294751616
5266,-151.17759336225413
5267,199.15641493159202
5268,253.5408650974484
5269,-136.37351799109956
5270,242.67279016910751
5271,165.6488354079937
5272,247.18074749127442
5273,29.74189172077819
5274,-185.41524158208134
5275,33.07005887022643
5276,-392.50298050494615
5277,-1255.0870509682504
5278,202.84409613870343
5279,-120.35530499229367
5280,12.278498697906983
5281,-173.1781497755639
5282,-132.94369796575364
5283,-186.39427319678214
5284,-214.37665079131762
5285,214.62346991501494
5286,-679.5066976594708
5287,-120.79088380172792
5288,-225.20718752643864
5289,-211.0807324651903
5290,-183.08624396500178
5291,191.6899250503423
5292,198.36232976035768
5293,246.34022169885756
5294,-550.1096442184376
5295,45.1643085038515
5296,-66.02252551170653
5297,229.4973626560935
5298,-249.1567106047013
5299,210.29060611212446
5300,-346.6807819058814
5301,-52.63551521416301
5302,127.23780566348762
5303,-192.90103169848953
5304,-1218.7456734597647
5305,-2018.6289656866484
5306,36.828383704946816
5307,-125.54682511825625
5308,-111.13727497105401
5309,-87.77957608443796
5310,-71.41955332386416
5311,180.0821192415008
5312,-117.13926279520756
5313,-302.39339002471536
5314,215.5190675779956
5315,-125.17626340636835
5316,-247.13176141978354
5317,-56.07328330559475
5318,-248.7093611790267
5319,-135.42639236697573
5320,-19.94450578684181
5321,-155.20252907388974
5322,-159.68559241637686
5323,-151.1071950242065
5324,-195.95860442844582
5325,-199.15942276656682
5326,-311.88569096186
5327,-288.66969051830097
5328,-68.07404196550425
5329,-269.55083709358064
5330,-190.1313579377001
5331,-188.46746839768082
5332,-213.00030580528005
5333,-174.97095900732194
5334,-130.81603353081508
5335,-175.3514883320135
5336,-179.5320175050041
5337,-205.77276223889044
5338,-176.49718084131402
5339,-165.88946889816046
5340,-1.0116130781545252
5341,-9.190648685074976
5342,-231.08975043241824
5343,-193.89643469705197
5344,-133.7697709144245
5345,-83.62550967180329
5346,-219.78443351529222
5347,-59.12401264271433
5348,-142.91781242691508
5349,-476.50030739699133
5350,-225.17933677886793
5351,-79.08375251219616
5352,-284.6867060333211
5353,-29.167533341737425
5354,-197.9850102953863
5355,-164.5419577805522
5356,-156.45612560147237
5357,-135.0478000028275
5358,-139.54824527333628
5359,-134.96373295074517
5360,138.39886033564702
5361,-173.6252993967945
5362,-145.2074087244219
5363,-55.77145486372118
5364,-136.826427176743
5365,-143.5330224578605
5366,-249.26362163297546
5367,-191.88185364943183
5368,-136.825216812523
5369,-48.002572124217515
5370,5.364129044674879
5371,-550.1602774571111
5372,-117.45586074015549
5373,-219.65773644186555
5374,-173.18053382435178
5375,-144.86839109866983
5376,-56.58932636614054
5377,-41.24668260984852
5378,1.5433686936253033
5379,-224.39673363924328
5380,-64.08449645928728
5381,-53.29337898788293
5382,-145.8120601326195
5383,-53.00435586499758
5384,-108.82981182216956
5385,25.31574128902116
5386,-301.05105797172075
5387,-235.70815448932953
5388,-122.52220057792411
5389,-147.6984128418545
5390,-80.97110107781128
5391,-88.6892326703031
5392,-145.87177534673162
5393,-222.36724136425903
5394,-114.61837291316765
5395,-63.64986159479494
5396,-96.9577445647884
5397,39.06262987311388
5398,-39.48670139326016
5399,-173.9767150603293
5400,-138.21748206272412
5401,-92.51708819100716
5402,-184.14656923121154
5403,-160.17746413050213
5404,-171.79969381652379
5405,-61.23107987404981
5406,-182.51390236317073
5407,-133.51656660415028
5408,-176.50382141973947
5409,-213.9366821416425
5410,-28.17376069312772
5411,-253.78419513580985
5412,-82.42008865573558
5413,-55.0856152473064
5414,-127.88722277054465
5415,-135.63600717499628
5416,-31.2559075710611
5417,-104.33200988223622
5418,-229.06398836060242
5419,16.11448120543557
5420,-43.64570571291867
5421,-764.6521161778637
5422,-240.20052441657842
5423,-178.89725852874795
5424,-108.71545627684074
5425,-47.271585683685075
5426,-208.58170073512082
5427,179.65285252674437
5428,-9.641632664774548
5429,165.3780961082997
5430,14.115893909131643
5431,219.061044266485
5432,179.44270024186872
5433,-56.07424431345544
5434,-33.324119048573095
5435,-122.39859522159999
5436,7.865302774372765
5437,-131.32421371369992
5438,-36.54352171157231
5439,-104.03823733654644
5440,-135.80365362956329
5441,-68.51462486261003
5442,-104.87013794039933
5443,-18.289337430498932
5444,-78.1145371386207
5445,-95.50069767094412
5446,-104.8541794014709
5447,160.87871973214095
5448,-47.472097725675184
5449,177.80838292473794
5450,-163.9618416777466
5451,23.272281774012043
5452,-140.33218880032837
5453,-43.72066437900777
5454,-69.60639383914139
5455,-104.27086914685903
5456,37.327476986847955
5457,-103.52230237473054
5458,-75.60297001430172
5459,-156.82459161328396
5460,-27.588393931950378
5461,-138.78567350170243
5462,-142.40222172767994
5463,-87.8342479790158
5464,-43.26414825067855
5465,-161.93767040238546
5466,-121.60559545658796
5467,-63.48736309089432
5468,175.78860819274558
5469,-19.548730349812587
5470,-67.10654924818243
5471,-2.7678733010235135
5472,-88.74395950606424
5473,-96.53141635913178
5474,-151.43158766694341
5475,-185.6303958297098
5476,181.34383204975995
5477,-180.74877712532538
5478,-158.30000162999988
5479,-203.61456436892706
5480,-188.82912076675456
5481,-150.4110415644506
5482,-146.3539425857565
5483,-150.285704371898
5484,-235.52931321539333
5485,-205.3992928639299
5486,-154.94331343532605
5487,-180.17462305495184
5488,-125.86586628911223
5489,-135.19820781584093
5490,-166.22948331322868
5491,-196.02303098780408
5492,-206.65764428631886
5493,-180.364571014178
5494,-88.21435827903471
5495,-137.80674594095447
5496,-99.56958791382021
5497,-128.2207458991458
5498,147.83297631742766
5499,182.52940702225857
5500,-109.34771712498898
5501,181.6502944115078
5502,-74.42695724118647
5503,-153.12550078975755
5504,-400.7481030170765
5505,-26.332975407775436
5506,-65.89739995781788
5507,-41.66181757812063
5508,-13.19874308622189
5509,-64.96483057643783
5510,-201.4681001039425
5511,-8.036399995821602
5512,-167.09185140172207
5513,10.997320212963615
5514,39.40336639906285
5515,-434.20795896714014
5516,132.3817782625473
5517,-16.14081987325442
5518,-117.42980920210161
5519,-43.30255105310945
5520,80.23700333333059
5521,-165.66661477908025
5522,145.62087938911117
5523,254.64626987926425
5524,-94.92115393983552
5525,145.41847970741458
5526,209.11293160890187
5527,300.8334196572889
5528,-46.278087864110624
5529,241.674394842075
5530,207.72921524641217
5531,-86.511026332107
5532,-440.0583192384294
5533,18.983100172501253
5534,-208.9708878068054
5535,-77.52298321069318
5536,217.40389691538033
5537,247.96543215670152
5538,274.26928923347356
5539,241.72755622713936
5540,-135.9056276213791
5541,-229.58392541392726
5542,-219.51739407154218
5543,-26.781044608895485
5544,208.79398288150486
5545,-195.6611587230266
5546,-41.43001904096273
5547,280.9475948070304
5548,-231.78718048713552
5549,254.76987596953887
5550,233.61908357210035
5551,206.5894216131858
5552,-163.78002880436446
5553,-157.6604362593029
5554,257.32544469120427
5555,260.49314192089093
5556,249.17479096510368
5557,-149.18686807335763
5558,3.5023405652235873
5559,-30.260502703431435
5560,-141.91056143796868
5561,-177.6304512221218
5562,-136.67859382283825
5563,174.6186829923596
5564,24.00877628779959
5565,-130.08349267302125
5566,-178.04864633459772
5567,258.24665967112355
5568,242.19151051219333
5569,-176.8279743988221
5570,-95.30977160918019
5571,271.53813236248084
5572,269.66409315246585
5573,-11.697839516087441
5574,-62.098102677628276
5575,248.0295092201232
5576,-29.52236436997687
5577,260.0720658946835
5578,-231.9294057534305
5579,-194.1439223137034
5580,270.35472450775546
5581,250.9007027540081
5582,-55.48727118928919
5583,-146.40240678810147
5584,-191.49155412451597
5585,-13.150369431571852
5586,142.3711891999821
5587,-83.16543631953502
5588,-171.17115022469926
5589,14.239972143385344
5590,241.51514755242331
5591,223.20216727166274
5592,160.72577821987022
5593,234.3720495427506
5594,230.22779865041306
5595,-195.09778690730008
5596,-38.48758013718806
5597,-196.45332241256335
5598,-128.9608663786643
5599,192.08110620108175
5600,185.23368788450276
5601,203.9214961583987
5602,223.73183905188745
5603,12.728092673963616
5604,272.6866994461992
5605,243.76167459949053
5606,221.6408316549993
5607,243.13642789744765
5608,273.3008607864373
5609,276.8713175406848
5610,186.65534102268043
5611,250.40631020365862
5612,216.0170231486737
5613,255.68115171414925
5614,157.32712610078968
5615,255.8206461575251
5616,206.99864504740248
5617,-27.039302152957234
5618,246.4870584271607
5619,257.2121449496782
5620,257.4458997065632
5621,266.7180357233648
5622,169.64152412312885
5623,256.68428149007946
5624,190.55888135477812
5625,-88.45549150116481
5626,246.36171075242785
5627,202.47305660453682
5628,134.94928875603432
5629,242.41922349096475
5630,192.79151414042445
5631,227.70749278103733
5632,191.44494884476404
5633,19.613624359927673
5634,245.66905646655937
5635,264.55227105654785
5636,278.27167118095986
5637,148.1703323635637
5638,186.64593671363625
5639,-205.84058819619514
5640,171.73666502411552
5641,205.94368221816362
5642,258.6890062422515
5643,269.0117662465388
5644,276.9944987116579
5645,249.4984605101032
5646,202.50405099087567
5647,283.4750531564831
5648,270.09911903549704
5649,226.46980678613724
5650,51.85333286912489
5651,248.84182576019035
5652,152.40025750568537
5653,177.6267484092166
5654,263.6601116430438
5655,-203.2367996054449
5656,170.78036079060047
5657,165.6757245062451
5658,-134.23638350104858
5659,205.73928317311828
5660,135.90858142886702
5661,181.0538928378386
5662,197.290777038136
5663,113.79599711062967
5664,187.80890485415722
5665,158.3996066981866
5666,54.03518264104403
5667,218.52204823465817
5668,24.876460661348958
5669,-278.2452228366004
5670,25.753887706256833
5671,205.10317375697136
5672,195.26274605053152
5673,17.24665920370437
5674,165.07747303181185
5675,-200.88855770624255
5676,221.07283064266022
5677,235.90036338145006
5678,177.9602196432677
5679,199.7251929571992
5680,188.65453547727296
5681,141.84081489498456
5682,-421.9115146597325
5683,193.2456723159232
5684,266.3360234800218
5685,18.647202836158755
5686,193.13589619880224
5687,166.24228371338904
5688,-89.87581920015876
5689,275.77901802995626
5690,247.3341179121166
5691,249.42195661696482
5692,-324.2728561934666
5693,236.77160036930428
5694,-84.42744134497516
5695,-337.3418772051526
5696,174.5921741558742
5697,186.9256262107708
5698,132.90125662688334
5699,17.287989907287923
5700,186.2948914546895
5701,78.71736137905593
5702,-256.252640640257
5703,220.63267588067433
5704,180.4931915805532
5705,150.5425745642981
5706,-296.4971463075269
5707,189.51113505992333
5708,-264.29061533334186
5709,-322.3769137302197
5710,-291.1868801956882
5711,-287.9363705803303
5712,242.98377256001174
5713,-5.039768330170781
5714,-305.9765770038296
5715,-257.77809253647706
5716,-363.34669328277704
5717,-426.8543676614611
5718,-226.97941424402444
5719,-286.8030136084948
5720,-259.1854244159324
5721,-278.8489376080974
5722,-292.3441613707246
5723,-144.94084239118726
5724,217.7677620225171
5725,239.38900829241635
5726,-147.7118265704558
5727,-375.9018322232355
5728,-451.8090271359953
5729,-353.7614418285925
5730,-317.87348546554495
5731,-460.3879333019052
5732,-245.21196137735615
5733,5.754552190213289
5734,224.6370404718545
5735,190.6437291224149
5736,-400.82804832146854
5737,19.357816066011083
5738,-339.5698948352103
5739,-389.98453318446917
5740,155.72890732981864
5741,-43.24746513112159
5742,246.88729589633397
5743,-75.94227763717518
5744,73.02975603543152
5745,-374.181069254874
5746,-416.5623661862966
5747,-312.63444247021664
5748,-71.5832709096484
5749,-9.375259727996976
5750,-79.55727746393725
5751,-556.8423288977483
5752,-832.8554678332991
5753,293.4960444582006
5754,-395.2269380107376
5755,254.45237488981243
5756,237.01544487998706
5757,-359.3313806991703
5758,-305.79710606783226
5759,-79.30175816423738
5760,-107.4773079057801
5761,-60.5222397515203
5762,-83.20059031289529
5763,-154.84072198155204
5764,-323.4537095695132
5765,-24.193140382710553
5766,-116.90621702258912
5767,-342.10705481832326
5768,-340.34515909745414
5769,270.1981310925205
5770,-85.85091411468244
5771,-320.28653068807614
5772,-340.9848088132885
5773,-289.4520543399632
5774,-295.4152228527114
5775,-277.7803247920716
5776,-326.55959792294084
5777,-378.48624311057625
5778,-309.3260825519493
5779,27.726608390745355
5780,-424.6061561455627
5781,-295.8622674077387
5782,-31.14328960938049
5783,-384.826278818716
5784,-242.0105797336743
5785,-274.9303303835119
5786,-298.3731249748349
5787,-276.4456180422077
5788,-43.56010342572323
5789,-327.66580414837097
5790,-95.61845155513777
5791,0.13002984492558767
5792,281.0151118127549
5793,186.49030130592118
5794,-232.0117658580042
5795,-219.8979815053031
5796,-273.19676495919254
5797,17.92768077415724
5798,223.92237871114008
5799,27.204967058492898
5800,-303.63958427516656
5801,-231.07549315316746
5802,-223.11865565612834
5803,240.4245857269666
5804,-336.86098917928695
5805,271.73851796665474
5806,300.5793937026764
5807,-234.20593713552654
5808,-225.3942224310192
5809,-205.6276170912551
5810,286.1955915420902
5811,276.1256771313
5812,-218.10363350304965
5813,-225.2434806954746
5814,-220.3080851783427
5815,-203.7549255939457
5816,5.417027403442191
5817,304.29950116821044
5818,-283.08595188414927
5819,173.27364536039664
5820,283.1095776852201
5821,-287.5038798375796
5822,251.6277759076581
5823,268.52057627951626
5824,275.28068208587234
5825,-566.1500744684706
5826,-296.1553064662859
5827,-233.1344904943754
5828,241.6931820443439
5829,65.43088274478586
5830,274.9673797132802
5831,12.431710324553379
5832,286.8912105789906
5833,309.63635337932146
5834,234.3232191889261
5835,-264.2898082736047
5836,241.1455818431591
5837,145.0062087583832
5838,-27.25400553732139
5839,-335.4736642399078
5840,-305.3697410428446
5841,-284.1275433623043
5842,-382.27304634218774
5843,-264.2400583917566
5844,-9.776306401287869
5845,237.40361861816842
5846,239.29952150884014
5847,256.6550066235993
5848,148.60850523611865
5849,273.3619201230369
5850,58.753374196775184
5851,-260.7215184568977
5852,-180.14010530028168
5853,-383.7009719455631
5854,241.99154603405538
5855,273.0034424828263
5856,258.1488347718103
5857,-252.45146105936797
5858,24.24353836967383
5859,289.6690756074895
5860,-217.2651533059764
5861,295.71590415558745
5862,296.89658717043244
5863,-205.91416001298404
5864,-309.00899060656707
5865,-207.02581496253433
5866,-247.84999460265243
5867,-249.44560567516424
5868,237.3711996490905
5869,236.4522278768029
5870,267.523598227283
5871,-289.20175588333154
5872,271.5435058583587
5873,-233.2126755667909
5874,49.41562037764953
5875,263.97556698429156
5876,26.106600104108026
5877,227.5472195493549
5878,-295.60959641596753
5879,-194.58593817688728
5880,-206.56255903885267
5881,272.3419230370256
5882,245.51668382555619
5883,-47.856717609657615
5884,232.10747555708838
5885,-303.5425670584318
5886,25.578400929924612
5887,265.83658070040514
5888,264.93637057927486
5889,265.38495883760174
5890,-289.2994352961772
5891,-175.7225661471714
5892,277.9632399141294
5893,-168.7531110697235
5894,-117.39846150165947
5895,12.295462862475205
5896,216.63056907635556
5897,257.0495351376885
5898,-212.5828910870595
5899,41.25675238953292
5900,69.04228908673937
5901,-371.8592873542102
5902,-321.38496175328123
5903,-372.6496253654259
5904,274.96120684090397
5905,-293.9999419853498
5906,-280.58934526563996
5907,231.09635275732722
5908,-302.93643976896874
5909,-241.93931122994528
5910,-249.5002880142498
5911,-268.05046356817013
5912,-236.9035577425725
5913,-277.7624475608786
5914,-193.18014155003488
5915,-350.00637660581117
5916,265.8425667396565
5917,-241.37112315067924
5918,-434.65741555366344
5919,-173.69737645772028
5920,213.90647368767307
5921,-976.1664298938233
5922,229.3759104219654
5923,184.09582959341526
5924,-408.4564209068272
5925,47.22187677946141
5926,-409.00103796436304
5927,248.89210211151538
5928,-307.2913190520459
5929,-411.16237055497857
5930,-315.6503441489094
5931,-235.15238344722735
5932,-213.17314868111524
5933,41.89469863585046
5934,-173.29275441689407
5935,-19.959514334988384
5936,-229.4998972426171
5937,-701.6102627604386
5938,11.312078170852587
5939,-212.1740732250749
5940,-301.45243722555415
5941,32.60022519862679
5942,-411.6081484385441
5943,2.000653665791276
5944,-491.8153766884299
5945,-229.18591304047246
5946,-488.01484279324575
5947,-538.9973698132222
5948,-464.773460761109
5949,-271.03956923532456
5950,-568.2910093248886
5951,-265.41406851635725
5952,16.444644556157783
5953,-483.2691039379787
5954,-611.7025173522562
5955,-276.7870440114639
5956,-15.241959304082869
5957,-770.9212305244099
5958,-47.91432650275692
5959,-233.46689642988724
5960,-247.94526263932212
5961,-255.0184080534537
5962,-252.2316016985582
5963,-341.9787079156397
5964,-226.21658674063946
5965,-259.1715615426968
5966,-270.96910271379295
5967,-254.0778860925837
5968,-528.9000383902313
5969,-259.0617693855903
5970,-267.7879155268049
5971,-247.2462404194217
5972,-251.9890612280179
5973,-391.54632680209266
5974,-269.20745218334287
5975,-521.3165948636113
5976,-505.5085345377689
5977,-261.39439889551596
5978,-273.8120377090391
5979,-230.49647762680317
5980,-399.205288379092
5981,-267.01187987419445
5982,-292.29057742909583
5983,-232.92015853797884
5984,-293.6495480701109
5985,-349.9137086272858
5986,-652.3189352125789
5987,-252.5304745925519
5988,-497.8541146581551
5989,-875.5465217507666
5990,-546.8445210164854
5991,-225.01356227598916
5992,-530.3209558688536
5993,-251.84606357360184
5994,-233.82878144431652
5995,-452.0207183768013
5996,-482.2135964119202
5997,-529.8407810878116
5998,-551.6240359675459
5999,-283.9680353081096
6000,-858.1492381743097
6001,-630.5066060871253
6002,-263.19169823265497
6003,-234.87220942539142
6004,-603.147493178679
6005,-455.8502743816466
6006,-594.7643034347781
6007,-714.4329936915316
6008,-338.15313264399197
6009,-208.49548031882853
6010,-198.78206401629075
6011,-237.20205612628206
6012,-1378.3876586346496
6013,-254.2390179612142
6014,-455.56657358649625
6015,-676.7157896849707
6016,-256.63286028151106
6017,-739.6308266144385
6018,-883.3797899599417
6019,-286.0677195108295
6020,-951.066298114613
6021,-1086.9908149724422
6022,-615.0294006984243
6023,-431.4115842064095
6024,-588.2014013211472
6025,-289.00315161043966
6026,-1544.2290732069403
6027,-257.3630196616166
6028,-260.1929031183877
6029,-104.01593724933643
6030,-117.98695782186347
6031,-228.4776662030461
6032,-553.0745461033216
6033,-219.83905758394957
6034,-160.93465396687625
6035,89.08718677575024
6036,-218.49778406997092
6037,-51.58574912881643
6038,-964.4184792297261
6039,-313.74458104970194
6040,-120.83402500580081
6041,17.164590969927573
6042,-1184.8636561144033
6043,-82.60785003778376
6044,-387.6826790141319
6045,-1093.3739343347254
6046,-245.873434333762
6047,-299.1820726565702
6048,-173.28901340376524
6049,-1755.8588779961894
6050,-353.2518932523376
6051,-1654.4723623011682
6052,-210.18357824091274
6053,-264.2581813872392
6054,-1556.2982131404867
6055,-252.4985352128047
6056,-91.1617803963263
6057,-1622.760967452452
6058,-122.43748465004244
6059,-87.65534440076968
6060,-152.88902993547285
6061,-299.74746404382137
6062,-178.0452287230159
6063,-375.2312628372347
6064,-321.78898596806926
6065,-221.0643010873952
6066,-170.1029297225324
6067,-1434.049625545367
6068,-438.3317730524963
6069,-151.65690196116577
6070,-321.29889591384324
6071,-166.20631257521364
6072,-368.43482358253596
6073,-1655.6242165154858
6074,-332.36050348335084
6075,-90.22706681864994
6076,-306.1472390531951
6077,-302.8978854693187
6078,-330.00685007180084
6079,-2033.4204206277288
6080,-201.5459949363878
6081,-1602.8507237728072
6082,-169.05197002850713
6083,-386.02404558151983
6084,-2175.0343146194227
6085,-261.51138826813764
6086,-2194.659345329045
6087,-311.76472964193295
6088,-2034.4146824455659
6089,-236.0493547205848
6090,-334.51098598100987
6091,-114.86207841483144
6092,-238.0067008481929
6093,-2095.8579214351985
6094,-330.3575625373785
6095,-233.12863576502687
6096,-211.2253346376088
6097,-228.6094570412769
6098,-221.76669971864254
6099,0.3456128860262737
6100,-172.74458177169168
6101,-333.51340945453103
6102,-185.71684943498263
6103,-1456.7055775531128
6104,-737.6009958794771
6105,-520.9595276848526
6106,-1187.7234835529812
6107,-1505.0009542272937
6108,-280.9768695567322
6109,-1333.608626184275
6110,-1567.5349072177041
6111,-1510.7745270883684
6112,-1473.6081580505065
6113,-203.5927670846546
6114,-1258.9866228766734
6115,-1161.3143977476861
6116,-304.28012794477013
6117,-362.8280601123384
6118,-198.0304004844021
6119,-1537.6592268296733
6120,-214.6182672393865
6121,-233.16602319125235
6122,-747.7727062560452
6123,-758.9281098663143
6124,-259.16692994837024
6125,-1049.4829225902176
6126,-1368.8632740633107
6127,-293.40781382162265
6128,-1392.1802370509959
6129,-291.3107809703846
6130,-1320.322248251581
6131,-1135.8762546377704
6132,-221.16271635359095
6133,-1290.6539846863438
6134,-228.38049667386244
6135,-1421.9787267055883
6136,-1280.4989318283524
6137,-1336.1324931625677
6138,-1045.8415240077807
6139,-1346.4560500577068
6140,-249.52082851432948
6141,-333.8230106734288
6142,-1275.617706290505
6143,-201.46908736309354
6144,-1355.0550594261522
6145,-1166.4774865216127
6146,-423.3494666191333
6147,-197.4596363575618
6148,-1307.793468694886
6149,-1228.3819798656275
6150,-1337.338130423686
6151,-1119.000092522545
6152,-1143.7300503822885
6153,-1157.6131555049494
6154,-1138.153635733469
6155,-309.36784139674296
6156,-209.78376849014782
6157,-193.53086781523035
6158,-1274.8479401498669
6159,-1195.8944713882547
6160,-190.2862944317821
6161,-196.575687682996
6162,-157.5405830471122
6163,-1179.5273321937207
6164,-211.58769529945818
6165,-1194.400344640493
6166,-262.9076104806659
6167,-97.51029336825552
6168,-827.2263914809574
6169,-1141.064665803069
6170,-1259.1355833262078
6171,-209.9017323061903
6172,-167.68489336181307
6173,-1175.3269104452831
6174,-1693.2464063572336
6175,-1332.9731479647949
6176,-228.95136396233065
6177,-1263.0167712022123
6178,-1128.7747487357321
6179,-1951.5011177862466
6180,-1197.1006157065174
6181,-701.2209948139931
6182,-1316.102920357822
6183,-1297.2938897479423
6184,-1931.899154237514
6185,-1273.4094587763952
6186,-56.00448137856213
6187,-261.1424246493425
6188,-866.368960763302
6189,-1391.7715477200006
6190,-1329.6019586040823
6191,-1823.2248372689362
6192,-301.6935170751845
6193,-1277.424809398698
6194,-237.1081250083608
6195,-1063.2759703200725
6196,-1992.9671686969837
6197,-1400.5027841017204
6198,-1399.184184907017
6199,-265.10038398797604
6200,-384.81165432956794
6201,-223.9867467928225
6202,-1429.2764118587295
6203,-1561.6161249253987
6204,-219.4421093113682
6205,-208.86395805280887
6206,-447.2109804619078
6207,-1434.7808325452281
6208,-1761.4349333726339
6209,-1797.6281300938506
6210,-1295.653397280483
6211,-1315.5507782418883
6212,-1503.1073141340191
6213,-325.0315243671146
6214,-312.13772826992164
6215,-261.9871846775869
6216,-215.00793205789498
6217,-1245.2111084676237
6218,-249.1814451998843
6219,-276.6074318250734
6220,-1689.176452367955
6221,-1446.655506251619
6222,-1494.9049758018737
6223,-302.1322766391014
6224,-190.8551873760258
6225,-227.9680554057881
6226,-262.20600845568845
6227,-1555.4118886018116
6228,-359.9182187440759
6229,-1347.4142856201597
6230,-1529.5580228645556
6231,-232.8480960326129
6232,-1508.051813223446
6233,-1347.4461180533488
6234,-1304.650570683949
6235,-1430.8658868018317
6236,-242.9996465359743
6237,-225.70809184775473
6238,-1744.1846058927244
6239,-94.34822851528716
6240,-2001.9683185489885
6241,-1095.0634183095945
6242,-1367.1263342208279
6243,-1330.8883003417268
6244,-231.7191337976503
6245,-2232.7313497288546
6246,-1428.1436191879702
6247,-384.51497802429606
6248,-204.51182780510356
6249,-241.14903407090884
6250,-218.01061062281346
6251,-225.57278766405142
6252,-275.26461620047536
6253,-1360.7243315371068
6254,-1431.6955668785486
6255,-1279.944938760694
6256,-1302.4762990164961
6257,-1748.1806985958815
6258,-368.0395450674178
6259,-1427.0552818788424
6260,-1361.032214455134
6261,-1342.8910642132432
6262,-1246.3722530508237
6263,-163.60191117271484
6264,-172.72846132515153
6265,-324.77770254330164
6266,-221.70083277955905
6267,-1376.527877192747
6268,-1284.006982269564
6269,-1286.6818585831027
6270,-1637.0186684608873
6271,-1409.3842337529513
6272,-1509.9432971573979
6273,-1494.5372269220413
6274,-1508.372473681849
6275,-1483.9492425819535
6276,-130.5198436621596
6277,-1417.71157090446
6278,-238.03663538166253
6279,-254.61966811150984
6280,-221.32294044472192
6281,-1460.6892060760156
6282,-1530.1352944269067
6283,-424.68074984797016
6284,-225.95748775541585
6285,-230.17579065865095
6286,-227.90684514786585
6287,-264.23122897780087
6288,-1934.6218306984865
6289,-231.57250227871094
6290,-1688.5707162826827
6291,-171.38857078031305
6292,-1287.2514477120862
6293,-1435.9638389968795
6294,-380.7614122050701
6295,-171.73854352255776
6296,-1366.150118740274
6297,-1456.783937090011
6298,-1965.910282925932
6299,-1456.4877588558672
6300,-209.05147291302262
6301,-221.97444193295365
6302,-343.16034995655184
6303,-193.61413506996956
6304,-253.3766767284042
6305,-876.7831568632232
6306,-211.0667472254711
6307,-195.08793974229843
6308,-210.43171563621257
6309,-1380.3552993590401
6310,-1730.1699819495552
6311,-1557.0466941437844
6312,-244.9773520407882
6313,-208.86912077096775
6314,-3353.3195899847924
6315,-1486.7882518655251
6316,-219.76433640843027
6317,-1437.510432539514
6318,-1132.0622691629617
6319,-2265.2176119020246
6320,-2383.1685413055893
6321,-2096.48454117909
6322,-1453.1237131180617
6323,-2737.4866197184997
6324,-1912.7849212955825
6325,-1315.0332573766625
6326,-182.9185107808056
6327,-436.38735188691425
6328,-387.2044302088493
6329,-2126.4232391818614
6330,-1365.691532104053
6331,-1354.404710012627
6332,-1919.3256539939784
6333,-1474.860651369165
6334,-1958.5032945307046
6335,-144.3643484188075
6336,-1416.0753381555267
6337,-204.64742644851495
6338,-954.5165316930156
6339,-2630.106401605295
6340,-1762.3884009498813
6341,-515.5354812178967
6342,-206.4471656957519
6343,-1489.3201958873246
6344,-301.9078926091054
6345,-2595.909626221359
6346,-222.25097310468175
6347,-2323.617169263909
6348,-1637.6966097830511
6349,-4972.200410859395
6350,-186.40163972397852
6351,-265.47519897420773
6352,-5394.126050528377
6353,-4123.7515145789885
6354,-4368.420765502211
6355,-1947.92618852249
6356,-225.1627389881362
6357,-2229.070109168226
6358,-340.3850587301186
6359,-1826.086637844684
6360,-239.05209176612374
6361,-198.89346700532764
6362,-224.99184874483188
6363,-308.49990124562896
6364,-268.30837323943604
6365,-274.38166539785306
6366,-3154.455271759697
6367,-442.93357722320457
6368,-257.42516834378205
6369,-259.5137947139968
6370,-238.2995733781073
6371,-291.07686699296795
6372,-2135.1018527602946
6373,-331.0240684019173
6374,-278.02467290344623
6375,-294.40116671000953
6376,-251.69592020455536
6377,-244.39214694181098
6378,-3375.1181686833156
6379,-3436.9463679666765
6380,-4196.116604682906
6381,-1796.9572061386054
6382,-234.52725449591108
6383,-3714.4608174317245
6384,-344.652631290424
6385,-556.1291986914952
6386,-1384.1191245849009
6387,-2905.5791937251283
6388,-352.23925790756
6389,-2380.6257966717167
6390,-2374.27956137872
6391,-236.83535757617935
6392,-248.98859061182574
6393,-297.6463527604691
6394,-270.6899658721026
6395,-266.96805717038967
6396,-217.66962754817268
6397,-279.56334258226354
6398,-270.4730590991845
6399,-2704.398645389508
6400,-1945.679068143478
6401,-257.4950469634039
6402,-2057.411330676443
6403,-36.089069101803005
6404,-657.3891034998187
6405,-234.7027732035344
6406,-265.1549205496951
6407,-1093.838460715448
6408,-371.82488713876694
6409,-1969.3736477209598
6410,-2536.653864207479
6411,-2676.9927566208853
6412,-236.9812672626582
6413,-1566.8765216602042
6414,-238.06407061916227
6415,-236.86472578395598
6416,-3679.6710351960837
6417,-241.23378856826997
6418,-268.74806578726566
6419,-67.73105366162395
6420,-2737.441467045846
6421,-2559.781897987708
6422,-227.64482050602092
6423,-2498.6158209940977
6424,-1887.010630833386
6425,-700.068901000391
6426,-1549.9582986119083
6427,-450.6334280011346
6428,-3728.502227157634
6429,-566.8069447444775
6430,-175.93967181468415
6431,-3713.1011867404454
6432,-2971.494709481796
6433,-3934.3297853572462
6434,-2424.549876354638
6435,-489.08808946591336
6436,-154.4099192560448
6437,-2816.2963977586605
6438,-3363.668728213426
6439,-2621.690894760331
6440,-4842.587923280487
6441,-3461.6414344702052
6442,-3195.5863545427583
6443,-3680.019682182233
6444,-262.8190739340473
6445,-272.8455546127531
6446,-2693.3947741197376
6447,-2617.3385655711804
6448,-3736.213954768409
6449,-1145.1401195377437
6450,-282.969015757935
6451,-2882.750801096146
6452,-3867.3325607322968
6453,-4773.816647178977
6454,-206.55933983319585
6455,-28.635186000683447
6456,-750.978576101965
6457,-3549.543946903947
6458,-89.54686842406429
6459,-35.33474189137331
6460,-349.7528692514245
6461,-2665.7045092173394
6462,-3874.3343141566243
6463,-3114.0111511440305
6464,-4441.837971937405
6465,-179.79874627688525
6466,-4725.968343613266
6467,-3564.0318494138937
6468,-158.15283315568178
6469,-161.8887896480677
6470,-373.7698416649862
6471,-1782.7626355480575
6472,-181.8840670827596
6473,-2688.4365380643753
6474,-362.408445835106
6475,-1725.7313558628077
6476,-1519.849767101748
6477,-203.2726971299215
6478,-2904.117998743338
6479,-4663.027038869011
6480,-5649.018717971138
6481,-4073.3716504501217
6482,-339.35531786899287
6483,-118.77385701435365
6484,-303.02151908454897
6485,-2799.8383094182577
6486,-4098.478167248297
6487,-2872.409783894475
6488,-1174.5502264860663
6489,-4718.382114408143
6490,-3307.5532107210865
6491,-5435.511768849199
6492,-215.4541652099399
6493,-1923.0604256055938
6494,-4035.828653073658
6495,-114.67605736752598
6496,-155.15979478935776
6497,-1884.9225408790687
6498,-1966.9588698152736
6499,-338.59938910715607
6500,-2746.5209409441118
6501,-4089.6667850471486
6502,-67.14301505329325
6503,-4172.976090433649
6504,1.9221093136035563
6505,-164.40123364073804
6506,-4701.630199899698
6507,-5259.2781905011725
6508,-280.16260995439353
6509,-5317.347330240293
6510,-4562.3594662547075
6511,-2639.826590297614
6512,-245.42437617255172
6513,-5187.439915184028
6514,-191.8912187786467
6515,-6709.325770535153
6516,-6688.299943098813
6517,-5685.608463647377
6518,-150.70064744898866
6519,-2806.504755323609
6520,-4788.137879261776
6521,-4258.166813803911
6522,-3421.5817642845896
6523,-5789.092683809102
6524,-173.1078014967468
6525,-5775.824901656955
6526,-151.93892021678332
6527,-2956.21972464103
6528,-5178.765560858096
6529,-5708.256722808114
6530,-8.828832101264396
6531,-1147.449346882373
6532,-5603.373817329596
6533,-2506.129860450673
6534,-5007.2261706171985
6535,-149.019732405029
6536,-2148.693502231288
6537,-299.4311464563351
6538,-5093.6970662887525
6539,-183.96748250426344
6540,-3518.829410311178
6541,-187.90408158291677
6542,-5874.159283146726
6543,-2374.5831774392036
6544,-4048.5060510264398
6545,-2385.0724936914594
6546,-5251.675208215406
6547,-5590.277191020492
6548,-337.82005151088947
6549,-349.8089343021643
6550,-6087.670358996571
6551,-303.22730689768076
6552,-6392.5787507793675
6553,-5031.443209227476
6554,-4410.540733095664
6555,-1000.7847261375974
6556,-4763.049481975005
6557,-5458.082410334464
6558,-4015.337263216701
6559,-4117.235957978032
6560,-5110.106978060003
6561,-4330.002142777105
6562,-266.54907837022927
6563,-4118.021365553759
6564,-4100.176951812663
6565,-617.2389628791424
6566,-4779.573828404015
6567,-4248.512840932411
6568,-253.221867807561
6569,-4042.363240445946
6570,-5525.400430423039
6571,-5429.308777488892
6572,-4199.8949278718665
6573,-5735.880411579959
6574,-3592.462243463637
6575,-2689.583730934065
6576,-339.94409126518303
6577,-840.3939443780088
6578,-2215.633406415693
6579,-1045.8697253888186
6580,-304.6760146429753
6581,-2763.765239216408
6582,-2090.641380349891
6583,-3501.126081886499
6584,-852.9445292878306
6585,-2156.891405994909
6586,-1937.191701957353
6587,-2134.4298476972654
6588,-1678.6807939637247
6589,-1176.3082978525263
6590,-962.5603960332592
6591,-816.3731994455698
6592,-670.2348076817747
6593,-1694.2075281051812
6594,-1115.0047433099135
6595,-1048.3597357081421
6596,-1995.4683280879374
6597,-807.6203683108641
6598,-1628.1122772550652
6599,-1056.7421476369818
6600,-2664.7568387174406
6601,-1729.7378346190699
6602,-1562.341676131459
6603,-2649.001496698206
6604,-1507.7349785603922
6605,-2409.7515677156816
6606,-2051.20246997887
6607,-2635.573528536607
6608,-2597.333576029868
6609,-307.02374698994583
6610,-2177.023194515014
6611,-2489.613563414657
6612,-2134.8779039549736
6613,-2071.0571552806928
6614,-1908.7980653043662
6615,-2814.295927521385
6616,-1089.4011400805707
6617,-1215.8855881804413
6618,-1538.101444570829
6619,-1244.1689013651585
6620,-2982.316860144849
6621,-2067.442484497655
6622,-2058.451012277039
6623,-1608.3924832229964
6624,-1406.03298454912
6625,-3691.1103334764994
6626,-1380.5243529171846
6627,-1539.3743362526384
6628,-1398.0161196216493
6629,-1474.8875835826648
6630,-1969.5262618571965
6631,-2007.2741933099617
6632,-1945.8762174387293
6633,-1565.7081506445882
6634,-1384.7216173037798
6635,-235.5028298369033
6636,-1687.3655192455742
6637,-2103.7143141007823
6638,-1670.5947309031044
6639,-2015.3928637909478
6640,-1571.7124458768128
6641,-1473.8229401658855
6642,-736.6626446454037
6643,-1635.9549162814676
6644,-1363.2760324921362
6645,-1865.492179938738
6646,-1364.7932503737425
6647,-2888.360634858204
6648,-1899.6938244336911
6649,-1739.3572837503998
6650,-1987.2122115850482
6651,-1452.123323640506
6652,-2752.572691780274
6653,-1302.7015093611403
6654,-2366.16817610233
6655,-1612.066186614092
6656,-1771.4435628792444
6657,-1259.109047654951
6658,-2248.1024354343554
6659,-1403.3145618060132
6660,-382.9079055302308
6661,-3571.6052244931248
6662,-1577.5050110622324
6663,-2655.1705262437617
6664,-2473.493112124924
6665,-1017.4954469300602
6666,-2595.548012565471
6667,-1856.6660206285167
6668,-2420.792105600096
6669,-2581.012082716899
6670,-339.71730013402384
6671,-1822.537779092576
6672,-2689.2844028890627
6673,-1590.6831833244844
6674,-1606.0437772023636
6675,-2144.176161083051
6676,-2653.316675334957
6677,-1402.1816237596734
6678,-2908.109898872155
6679,-2677.0388163705334
6680,-1697.0547761621433
6681,-2684.140206538427
6682,-2535.4564894234436
6683,-1182.7381891686532
6684,-1713.6525080715253
6685,-2270.643535232708
6686,-1925.7055495869715
6687,-3815.1372039395005
6688,-1875.6964756267917
6689,-1982.082419001501
6690,-1728.192301188175
6691,-3781.5262897933085
6692,-1140.523874025857
6693,-1048.9277554402147
6694,-1883.072191774022
6695,-1987.518108180411
6696,-153.92039262243645
6697,-2658.5135419373732
6698,-1980.3178037644277
6699,-2457.3328775353143
6700,-5011.294437086745
6701,-1962.7089943560436
6702,-635.9597010268683
6703,-4016.019133516766
6704,-3878.6410885893238
6705,-4405.792680350814
6706,-4098.177246201329
6707,-1103.4526963972594
6708,-2561.1027639235067
6709,-1703.1732347126083
6710,-2689.0166182541316
6711,-2728.7537639908246
6712,-4683.285777420028
6713,-2715.30123647836
6714,-3560.0963278727822
6715,-2388.50624179168
6716,-3149.7846873983253
6717,-200.4663304990894
6718,-3797.4581665718947
6719,-1689.4260625053137
6720,-3062.8229778849345
6721,-3709.4646879897095
6722,-4075.6782359596136
6723,-606.5237636004535
6724,-467.8061206629458
6725,-3837.8049346838584
6726,-204.96863173129736
6727,-163.57691983004418
6728,-198.77544416517253
6729,-2679.65478011581
6730,-2183.143386712206
6731,-3436.773005748102
6732,-3833.9476480645585
6733,-5318.260315943014
6734,-4491.211273631966
6735,-4398.460119765825
6736,-4319.855866392982
6737,-4284.293074102622
6738,-5498.362822066146
6739,-585.0207164870706
6740,-2407.011827282652
6741,-5492.5492766717525
6742,-447.7258311035538
6743,-801.7962609156266
6744,-3313.4471229729374
6745,-2978.895083914179
6746,-2169.1397931256192
6747,-475.32081269472326
6748,-1330.0943673162637
6749,-3453.751124833712
6750,-1063.1645227062816
6751,-4190.59322393727
6752,-428.99718213833
6753,-1100.2810113920182
6754,-3736.528205866592
6755,-312.1489484429318
6756,-3841.776958393744
6757,-4176.713173081251
6758,-4943.258171419708
6759,-378.1868933242623
6760,-4319.242707642781
6761,-4847.925965953587
6762,-5188.242081549357
6763,-4596.587839857332
6764,-4632.963564119712
6765,-5108.040512521619
6766,-4854.215491730565
6767,-4955.448759497259
6768,-4597.3704884642675
6769,-4954.6936363223
6770,-5046.98560401474
6771,-4622.612561494851
6772,-4871.472214577437
6773,-5095.787880703949
6774,-5041.463119262908
6775,-4708.418392613675
6776,-4711.529048333262
6777,-109.44146774693507
6778,-4729.374616512588
6779,-4999.207598715421
6780,-4761.571418307114
6781,-4948.465556592419
6782,-442.36942858185955
6783,-4617.747655047419
6784,-5067.299944321839
6785,-358.7738045592645
6786,-5783.414890311467
6787,-5043.808515633106
6788,-5114.727236659333
6789,-5367.478184103923
6790,-112.32993481478844
6791,-4744.073692087723
6792,-4828.951323472959
6793,-4987.522745575833
6794,-4697.951857719933
6795,-5064.373678726756
6796,-373.6048140204413
6797,-4728.565502036138
6798,-4869.339654932315
6799,-4743.8702498852645
6800,-4744.198280466524
6801,-5315.808709357574
6802,-5212.575454855901
6803,-4759.513593834135
6804,-4775.799145120334
6805,-385.85571754695223
6806,-5168.770131292897
6807,-326.4913593341829
6808,-5236.020577952279
6809,-5292.284252293995
6810,-5191.657458267966
6811,-5047.358027596527
6812,-5288.110430267373
6813,-4820.368464789967
6814,-6511.89394033135
6815,-5502.308559738828
6816,-5096.447425488612
6817,-5524.627683718138
6818,-6594.902734712668
6819,-5531.000375697287
6820,-6299.688911758682
6821,-5403.4149822528125
6822,-5618.778670777228
6823,-5654.591781241884
6824,-5373.044399801
6825,-6429.880753963194
6826,-6263.424328035869
6827,-6055.877081139465
6828,-6010.963796657287
6829,-5326.405598028772
6830,-7341.712246443781
6831,-5502.2022753414585
6832,-5866.802604608205
6833,-5954.72044427723
6834,-6254.79047521414
6835,-356.84575952387337
6836,-5620.693391708226
6837,-6491.844372089649
6838,-6266.714461109671
6839,-6541.248342082801
6840,-6907.142630751521
6841,-5848.028632783356
6842,-7016.615268857994
6843,-5823.525650662381
6844,-6251.329327015758
6845,-6366.878181500099
6846,-8705.432784737966
6847,-5449.292590307658
6848,-8015.756318972989
6849,-7252.90835110731
6850,-6539.630513220446
6851,-7002.330619879389
6852,-7229.016587073173
6853,-8209.231749661798
6854,-6944.6797867855785
6855,-6874.6714962576025
6856,-7042.474596352304
6857,-6830.820532181878
6858,-6236.171425917054
6859,-8058.852899363349
6860,-7762.267904176307
6861,-7546.164986604955
6862,-302.7862077455011
6863,-7083.663243089842
6864,-7354.465994222231
6865,-6036.534449383511
6866,-8625.437606078965
6867,-7990.1328522543745
6868,-8020.131417368406
6869,-7214.368320118575
6870,-7022.188150949284
6871,-6767.117283204345
6872,-6216.2970623521105
6873,-7479.1011987259
6874,-7012.3021022418925
6875,-137.16197484855212
6876,-7101.04184898082
6877,-6518.185805932974
6878,-6746.983892735441
6879,-5938.501146890752
6880,-5732.709018598269
6881,-7318.3989278315385
6882,-5857.117506266762
6883,-7804.561795222524
6884,-6425.582077785864
6885,-6297.989981978189
6886,-7206.347391689729
6887,-7820.116701512733
6888,-7072.719981387376
6889,-7494.2598236759195
6890,-7305.882036800724
6891,-7037.467094986302
6892,-133.14816264957432
6893,-96.3554736876664
6894,-7004.306531127105
6895,-8121.73678262907
6896,-8096.461434902937
6897,-107.95503570660888
6898,-7529.673933411442
6899,-7777.361285002634
6900,-8504.300366477743
6901,-7435.759833925502
6902,-7959.628245938087
6903,-8638.005158445256
6904,-8132.464167194856
6905,-8167.192582660739
6906,-149.5096205087112
6907,-8437.80217120661
6908,-265.0710131963415
6909,-8852.599148101051
6910,-8781.88494972773
6911,-257.21545476845256
6912,-8376.463751243877
6913,-9096.312388631186
6914,-8854.24868451864
6915,-9105.193889175378
6916,-7008.799663114158
6917,-8714.350646290532
6918,-11142.410692923362
6919,-7928.879893691475
6920,-10310.132928153123
6921,-10558.530098973153
6922,-9844.445866878672
6923,-9732.303472581572
6924,-10259.229675987437
6925,-11114.390547787696
6926,-17001.017678428027
6927,-9595.762154036336
6928,-6738.54700346058
6929,-9818.087976779561
6930,-17030.807969984136
6931,-10957.866900868585
6932,-7970.427383411298
6933,-9208.867702498044
6934,-12205.67960410214
6935,-113.73193873043333
6936,-310.08113692312844
6937,-17575.517967722146
6938,-10369.984474731693
6939,-15548.061044152391
6940,-13469.729883673854
6941,-14274.975764769486
6942,-11221.479011712436
6943,-12672.189518627054
6944,-12174.315725064846
6945,-12698.016371296266
6946,-12588.629295428666
6947,-9167.93938047686
6948,-13582.454676394776
6949,-9895.905165966627
6950,-12230.255499595387
6951,-13048.375665759915
6952,-89.20824650736832
6953,-9084.840821730088
6954,-13561.586887778027
6955,-13373.497075404544
6956,-12985.669821051626
6957,-76.08174296499577
6958,-12142.199044755913
6959,-8041.135655525777
6960,-7926.92808485716
6961,-9367.587215920286
6962,-11917.00286287016
6963,-10862.356426511125
6964,-14306.280911492144
6965,-12787.777404646013
6966,-7735.065132965217
6967,-9721.321122769223
6968,-12642.57912608228
6969,-12616.410283586947
6970,-11187.958533147821
6971,-580.3366225133046
6972,-14475.246941641059
6973,-11390.490797357503
6974,-13093.698616578087
6975,-10484.952519474722
6976,-1041.8912805577102
6977,-993.5009226247004
6978,-361.5393312351663
6979,-1212.413661435168
6980,-4518.7034409313765
6981,-8987.358766431564
6982,-90.95173715284548
6983,-6025.023105078024
6984,-5940.749407825414
6985,-8389.778590206302
6986,-9314.59327256859
6987,-7874.944417001549
6988,-8034.070930772509
6989,-10368.142615940393
6990,-108.48182367350333
6991,-10397.932960306138
6992,-5501.894116529465
6993,-12389.71707306766
6994,-10612.129770738455
6995,-677.0663161871541
6996,-52.06099229178503
6997,-10820.311561239505
6998,-9043.743426466894
6999,-9007.827807210651
7000,-10326.175559691717
7001,-11142.389155102524
7002,-10486.082014351305
7003,-8406.153827812164
7004,-8583.969057388742
7005,-9239.210083680173
7006,-7850.6779540704265
7007,-9655.71288638722
7008,-7022.377476923391
7009,-9040.785245232179
7010,-11367.854576384274
7011,-9421.489759280059
7012,-4359.864081215437
7013,-6137.803613193782
7014,-506.5961617044914
7015,-6995.958784063994
7016,-6198.414337673621
7017,-8772.365332255697
7018,-9889.238784174211
7019,-7570.857721354843
7020,-7474.292976198143
7021,-280.0748456518621
7022,-7523.304033833971
7023,-7890.170273684486
7024,-8287.373333594682
7025,-8272.972833693895
7026,-333.32617245488785
7027,-7944.436152219653
7028,-8444.341934175576
7029,-8202.187902213109
7030,-7573.863492751696
7031,-8251.268086708375
7032,-8584.468731857352
7033,-162.1322980783317
7034,-9278.228904235466
7035,-8526.394665263753
7036,-8399.653853056654
7037,-6019.616444609675
7038,-9298.440119484416
7039,-6591.758413133476
7040,-8647.668645935044
7041,-50.00314115614731
7042,-7693.424307346964
7043,-8069.199492143706
7044,-9404.40869783087
7045,-31.997640044232696
7046,-9379.667910426338
7047,-8257.166684503096
7048,-9146.152431112003
7049,-66.32056943021023
7050,-9549.32778042437
7051,-8850.43699242566
7052,-7280.119441781074
7053,-9519.179563193955
7054,-8895.87012770321
7055,-8468.268978904222
7056,-262.3389081082961
7057,-8944.30627219807
7058,-231.85925182361512
7059,-9194.261607487164
7060,-7778.114948162574
7061,-277.724288577049
7062,-147.0701889816881
7063,-8459.972218008877
7064,-7944.860752001803
7065,-7498.968842138135
7066,-7737.366880092358
7067,-7712.103397572055
7068,-8261.832483106844
7069,-237.39071114460987
7070,-328.4866290438702
7071,-366.059502836189
7072,-8595.278389720881
7073,-7781.706770422739
7074,-7804.776317907859
7075,-7739.4379840277625
7076,-246.05756275792405
7077,-7079.989213038305
7078,-184.9707764265824
7079,-7620.262090350385
7080,-7382.163762819031
7081,-6965.7170671859485
7082,-394.4144006983396
7083,-7177.837230207465
7084,-7184.63934485488
7085,-2341.256937154455
7086,-7059.943449982235
7087,-607.3955087065768
7088,-434.46842847868
7089,-353.6312233275542
7090,-6846.660313833954
7091,-494.94293829825324
7092,-494.7222486228081
7093,-163.92576491319815
7094,-241.07813806949335
7095,-4186.455141631548
7096,-195.27478795262692
7097,-272.32427819062127
7098,-237.1853885582878
7099,-212.98155891044837
7100,-216.57253644128892
7101,-2995.621485906753
7102,-221.66510784018533
7103,-2608.5106923383787
7104,-968.7802041327006
7105,-307.6510574746775
7106,-190.0251515343704
7107,-2699.9347782834097
7108,-366.0683932053576
7109,-6645.594637471405
7110,-285.9139949525833
7111,-6551.283450696347
7112,-217.0590331260717
7113,-203.1866090171104
7114,-1478.4294505539674
7115,-3052.0375110270224
7116,-3698.7323218951733
7117,-3563.746029441871
7118,-302.96630765550367
7119,-3600.670690770868
7120,-3502.541399461708
7121,-4882.364553132837
7122,-246.93130442965054
7123,-237.93512729018047
7124,-3340.845646410152
7125,-224.69254699833036
7126,-259.78661279957703
7127,-5119.83939289514
7128,-2551.395947572096
7129,-1008.940858336721
7130,-3634.5811004378647
7131,-261.7893051166068
7132,-84.8930039592604
7133,-235.2818516768087
7134,-3109.9288635816074
7135,-244.94674951847324
7136,-1568.9034488027519
7137,-3438.5939133818442
7138,-4745.749185093001
7139,-4548.094587270721
7140,-4806.889242155426
7141,-1939.6345325549926
7142,-209.0582036469914
7143,-2437.6101500845207
7144,-3045.283699422735
7145,-3523.7330672386925
7146,-3662.1004046697353
7147,-3929.599076975188
7148,-378.7981033509001
7149,-195.71646620348832
7150,-221.22589455617637
7151,-3108.0647167971097
7152,-4078.0753764460246
7153,-180.36132303088988
7154,-3795.292695194297
7155,-2605.7958298706244
7156,-231.0854804980536
7157,-221.08689750770543
7158,-4853.360130699682
7159,-284.00808625688256
7160,-308.65862588826565
7161,-362.158065952175
7162,-342.1166613790507
7163,-221.97298369368315
7164,-269.55288770254833
7165,-256.94671892543636
7166,-4683.68908714981
7167,-353.97502377566946
7168,-2564.314028793678
7169,-4815.598813590926
7170,-3875.7945531817745
7171,-2546.5310006193913
7172,-228.64317350825365
7173,-231.3144465939867
7174,-312.55950500578797
7175,-4111.464495525255
7176,-4984.519380964047
7177,-2328.305157499314
7178,-2268.196205212245
7179,-3030.4591108011227
7180,-3274.3050963447495
7181,-3316.0584641786613
7182,-3302.005705949835
7183,-251.4590728515826
7184,-3431.6458732003525
7185,-2667.2968495956666
7186,-2722.641264161371
7187,-3670.099563865668
7188,-3014.562196397955
7189,-3887.922087819173
7190,-3905.7167895978737
7191,-159.32171902092412
7192,-3962.755803497067
7193,-3967.5770605430885
7194,-198.12940882297107
7195,-4437.991967967923
7196,-162.437158188658
7197,-190.64840949219504
7198,-3111.995421910878
7199,-3894.5512475339597
7200,-196.53259611897573
7201,-3242.221043526869
7202,-3694.156200781521
7203,-3457.817483589783
7204,-2220.151767901711
7205,-2723.5041526063696
7206,-2954.5176412377546
7207,-34.51956059535368
7208,-3655.9168798472892
7209,-3050.289740365527
7210,-3189.600987112422
7211,-2955.105287800573
7212,-2872.4860545576835
7213,-2752.539012180875
7214,-3822.1996873711387
7215,-3823.0055624572738
7216,-3917.8798574899397
7217,-3184.1925447896347
7218,-148.3566568999907
7219,-3824.341083134631
7220,-2822.8539769292
7221,-3265.3609495291707
7222,-3884.170412565872
7223,-3756.5789515636848
7224,-3448.4814567336
7225,-3149.8876258432324
7226,-3909.436128218373
7227,-3948.48187202499
7228,-3198.388323318466
7229,-137.41836415810312
7230,-3093.9879743450974
7231,-3056.393705631757
7232,-2945.7865922890014
7233,-3019.8618464666247
7234,-108.56469856568269
7235,-3559.7831442686856
7236,-2170.1756560707404
7237,-2702.7533370580654
7238,-133.3790707896818
7239,-410.76191519733965
7240,-3565.417919284596
7241,-126.4383757855912
7242,-2432.6883546388294
7243,-140.27043113594635
7244,-3760.103447966691
7245,-3651.831513557145
7246,-2998.3851659512643
7247,-3812.838346164015
7248,-3769.01677618357
7249,-167.6845107281831
7250,-2829.6013618899424
7251,-219.25745917659606
7252,-2936.3182452752153
7253,-178.90028266615877
7254,-3125.1123805673496
7255,-241.2887292582535
7256,-103.15980428716516
7257,-2510.023345056117
7258,-3557.4898083985354
7259,-3549.782615331613
7260,-169.5965896660402
7261,-3822.5572705975087
7262,-3394.4236037953237
7263,-3424.521109110284
7264,-171.85488014845492
7265,-219.50695250175866
7266,-227.26102257676513
7267,-199.7160647249769
7268,-150.00401669405062
7269,-3060.082349128415
7270,-218.58438956370333
7271,-2741.1698116800335
7272,-2338.9348633351865
7273,-3506.2136337139896
7274,-2692.7076098636494
7275,-3700.1270198324855
7276,-296.2958250833831
7277,-252.6269843868194
7278,-2305.2704836482853
7279,-3636.7366765557676
7280,-334.7227545326668
7281,-234.9311534588571
7282,-263.8640402052645
7283,-3319.2162040305766
7284,-3354.4153315409317
7285,-3434.1268785872862
7286,-271.2647873589617
7287,-393.91889715212653
7288,-2977.5829417703076
7289,-236.43711100584304
7290,-2754.097144245579
7291,-337.4028400086019
7292,-380.8676425310162
7293,-3134.3343113281726
7294,-3706.8175268197056
7295,-503.69548969840565
7296,-1385.4602012616276
7297,-3437.021902835283
7298,-2972.0190428910114
7299,-246.29513901127092
7300,-387.4250921242743
7301,-489.9154495300639
7302,-439.41079108845764
7303,-3264.272980025183
7304,-289.6772124325929
7305,-291.40178752902114
7306,-3493.701941310996
7307,-242.84035663868
7308,-3043.7366464644174
7309,-3402.8962204825975
7310,-3349.580525490893
7311,-3279.621332650182
7312,-300.50747028774936
7313,-356.0411881104604
7314,-251.5928996285926
7315,-3864.084969665932
7316,-1024.2632089641652
7317,-277.9273609550006
7318,-295.7786902581716
7319,-226.68022332666342
7320,-264.0288048685147
7321,-3425.089102000298
7322,-280.4371275297916
7323,-3477.0193399897717
7324,-247.60425973962637
7325,-271.88793424046264
7326,-221.2321780987965
7327,-3402.7968753947293
7328,-353.64959689201476
7329,-315.06671908569564
7330,-3476.4057377700356
7331,-3296.5882247342934
7332,-454.6741961097631
7333,-3609.4715451677816
7334,-3322.25601798645
7335,-3078.410408036771
7336,-264.4676740387996
7337,-3208.408235930631
7338,-3080.7623314209286
7339,-532.4769891563574
7340,-253.15678628558203
7341,-2953.8476134921893
7342,-317.9707092217535
7343,-3005.2782291710705
7344,-302.82965544593253
7345,-3163.438247433734
7346,-275.92902636863937
7347,-3263.3478511011635
7348,-3282.8110691605466
7349,-3290.3670491538987
7350,-288.24850815453397
7351,-3379.1221057777575
7352,-271.9796370609283
7353,-389.365188449573
7354,-3184.271538304938
7355,-266.76269574586854
7356,-3294.794579917114
7357,-3664.40606029255
7358,-3346.8298231707836
7359,-3253.818336583356
7360,-409.6068999532657
7361,-2900.3954332323888
7362,-3467.1539649564083
7363,-1221.2803449008784
7364,-2981.8922227391704
7365,-3149.3843037007878
7366,-3524.0507248373046
7367,-3487.547928812481
7368,-3616.885027315824
7369,-362.4199381926171
7370,-3568.302303715513
7371,-3334.0947444805292
7372,-366.4462402575148
7373,-3676.8308805845195
7374,-3028.924390275575
7375,-3158.712994203451
7376,-331.07894357366695
7377,-3258.578632916619
7378,-3662.484899971526
7379,-410.45710591632655
7380,-594.1013732546681
7381,-3339.769765431767
7382,-374.07992863556115
7383,-586.1369910881683
7384,-2909.1651713854276
7385,-3616.9238665842317
7386,-3723.6399789701136
7387,-282.18349271737134
7388,-274.1286925854297
7389,-419.4708689527024
7390,-348.46269688932085
7391,-3714.2986312636745
7392,-3535.5337872109317
7393,-3863.840959132434
7394,-3247.777972946542
7395,-2973.246801737034
7396,-3550.131343981833
7397,-3315.7431193312077
7398,-3262.748708699633
7399,-316.2682102987275
7400,-405.7837172367395
7401,-4292.29420236857
7402,-311.6017949411836
7403,-345.82809149411406
7404,-3891.9753949997153
7405,-357.8462160876085
7406,-2876.743084980059
7407,-606.5868422034508
7408,-4082.2629987510054
7409,-2891.9759185715848
7410,-3593.8063041933015
7411,-942.3348784747035
7412,-2123.0504728859432
7413,-376.54103216309704
7414,-536.8482246660972
7415,-367.7868077375711
7416,-590.9811842044419
7417,-3411.821203982933
7418,-441.53228728516956
7419,-390.60452480318423
7420,-2809.433886836265
7421,-357.29325280591405
7422,-3044.258938525413
7423,-3415.5966718078216
7424,-421.2939220950029
7425,-887.1107420240718
7426,-3260.2155772452925
7427,-476.01100432991393
7428,-355.3724183327711
7429,-2139.9016142246232
7430,-353.13959440993995
7431,-380.709560477042
7432,-854.3172545670654
7433,-2889.475488210268
7434,-3605.586217442876
7435,-3805.8928030138677
7436,-3524.338353341884
7437,-428.2889540473411
7438,-346.179410164214
7439,-408.46003722688255
7440,-3070.9883725649674
7441,-3850.7315544594694
7442,-3906.6119046221006
7443,-405.18186589997777
7444,-1980.9515106488197
7445,-351.3843788815775
7446,-3107.236065782758
7447,-3785.5515016620343
7448,-3074.050092391305
7449,-401.82863365959673
7450,-3390.058472107058
7451,-3335.6742960361025
7452,-353.94735157392336
7453,-4241.312724041418
7454,-3776.7258882695596
7455,-4222.111879561374
7456,-2008.6516535052592
7457,-2719.7541435224425
7458,-3821.1884638240076
7459,-327.9238725549246
7460,-3177.401613046141
7461,-364.06247609877175
7462,-2927.7221852126
7463,-3024.4475307719904
7464,-488.5378140754251
7465,-4142.957458715992
7466,-302.03486572007705
7467,-4175.761865294835
7468,-3674.1502195982057
7469,-258.47324427505293
7470,-363.82862790269365
7471,-539.9220730678538
7472,-3985.7339770717886
7473,-1114.5635245439462
7474,-4232.25315296946
7475,-3837.0452110879455
7476,-4024.179467153531
7477,-4328.657381635345
7478,-4203.449975644081
7479,-572.7376863159345
7480,-264.7796810388162
7481,-3599.107523898541
7482,-3264.981602071238
7483,-301.41246815587203
7484,-4338.183678713008
7485,-4336.258385915856
7486,-456.69159303403023
7487,-464.35897171449477
7488,-5026.158300468748
7489,-280.5950450654192
7490,-1348.3509816903882
7491,-3493.069799789447
7492,-3618.8303807060142
7493,-3811.721775763554
7494,-3827.362877081651
7495,-3269.9976574354473
7496,-358.76271554461556
7497,-3634.603579522493
7498,-5491.855040575905
7499,-332.4877652751963
7500,-279.3597424906999
7501,-574.3292938701597
7502,-269.5404363528305
7503,-4692.945322064847
7504,-1919.4081570939302
7505,-2497.705303197637
7506,-2798.9325110050627
7507,-337.8535795506481
7508,-4133.161137163614
7509,-2735.4358094476333
7510,-500.5198700593914
7511,-1168.4371918423005
7512,-3246.6053458208426
7513,-261.00473135851223
7514,-4532.122635318857
7515,-3252.682020363874
7516,-3991.4876714272928
7517,-1928.7952768474909
7518,-337.37927582071876
7519,-1708.1982092836015
7520,-4984.018170698499
7521,-5527.709594992395
7522,-4848.057988687321
7523,-4599.244395912806
7524,-5393.857895745781
7525,-5799.116143291672
7526,-1757.0623979295387
7527,-5658.41761362674
7528,-181.43308167233187
7529,-5597.295837179703
7530,-5329.321178036354
7531,-5360.078308760922
7532,-5991.18198384968
7533,-6087.750645517663
7534,-5573.026134320982
7535,-6607.456921726183
7536,-227.49116948809854
7537,-5569.692180662174
7538,-264.92996060604696
7539,-4642.1233178462435
7540,-5639.400406800214
7541,-6859.261213633528
7542,-425.40679591676883
7543,-5802.126511292685
7544,-7501.875708508567
7545,-7260.930181409564
7546,-7982.927425891559
7547,-7181.872024739846
7548,-5011.102434791841
7549,-3640.491319570349
7550,-6184.709670018924
7551,-3648.467028000087
7552,-131.2514976192096
7553,-8854.610956545268
7554,-370.2801254735619
7555,-2390.186913502892
7556,-478.6630572546247
7557,-6646.37892926543
7558,-7823.817998137943
7559,-3709.419916594192
7560,-10287.033063750414
7561,-11196.060031574152
7562,-488.0072059240312
7563,-11326.736278007093
7564,-2723.6950490891095
7565,-407.2630120946339
7566,-11820.236844128824
7567,-6660.630624541506
7568,-11475.046705578878
7569,-9115.351685446936
7570,-382.80049747048673
7571,-8686.653285666504
7572,-9383.886867258916
7573,-8613.037735176775
7574,-1765.8542356939436
7575,-7088.245116597295
7576,-1137.7375180804515
7577,-7952.550442677106
7578,-361.7194855085243
7579,-450.33331334096283
7580,-9346.173769834413
7581,-9482.890651041347
7582,-8459.473618163145
7583,-6639.789220693746
7584,-436.03640055371676
7585,-9369.463661102693
7586,-367.69164820915256
7587,-8477.181184098275
7588,-862.5334617042779
7589,-8970.23536090656
7590,-7818.78203259925
7591,-391.1437542363721
7592,-6310.393618362833
7593,-5479.103481394631
7594,-350.3987987362243
7595,-9322.606558978658
7596,-7618.196789456292
7597,-5986.380212401637
7598,-9226.893422479912
7599,-8703.868662017248
7600,-7934.634905098592
7601,-7776.78267424466
7602,-7100.553193707952
7603,-7494.442831686477
7604,-7052.829620471554
7605,-8618.607919234862
7606,-7337.413983731436
7607,-365.89430482700794
7608,-8774.83194164053
7609,-8214.368577033481
7610,-7559.537345080652
7611,-433.7761289607991
7612,-8724.820867575902
7613,-7488.742927248291
7614,-7571.83883297394
7615,-7569.660482947996
7616,-8970.809871904115
7617,-8664.371934092116
7618,-5852.742736506816
7619,-9127.846478996591
7620,-10552.836020424089
7621,-4945.135398719221
7622,-4883.999210562366
7623,-4764.393638608221
7624,-364.86053406602673
7625,-4114.019273363539
7626,-5033.953447669825
7627,-417.4805937184956
7628,-7174.656029388461
7629,-292.6843940998075
7630,-382.9904209258325
7631,-5237.037794528945
7632,-6251.421820309099
7633,-5692.062148738069
7634,-6674.726962505271
7635,-5282.351820463525
7636,-165.41631992838927
7637,-393.1893500923009
7638,-740.3379391483145
7639,-5776.480186892076
7640,-159.11850505984654
7641,-4585.865981872621
7642,-6308.366612476523
7643,-5550.944895140618
7644,-6176.081319675995
7645,-114.91934732814696
7646,-141.10491496149456
7647,-5764.956617091923
7648,-426.9596164601876
7649,-6259.365961119178
7650,-733.5762106640827
7651,-671.8500822344191
7652,-5986.086536411447
7653,-5965.571519827273
7654,-6634.187342212623
7655,-5942.100462416602
7656,-6334.144633155081
7657,-6247.875609596367
7658,-6328.9351162606545
7659,-183.04929257755484
7660,-5663.506312995868
7661,-6120.989679012426
7662,-6245.187637027198
7663,-6318.9914252776825
7664,-433.3499208575105
7665,-5820.815864264811
7666,-6572.685170565013
7667,-438.167358760334
7668,-6332.362314459179
7669,-6373.97057705761
7670,-5634.419726680863
7671,-6657.335121355455
7672,-7121.719760598236
7673,-6310.288043897122
7674,-6043.736472643487
7675,-6109.45726391595
7676,-6427.50368281782
7677,-6780.55237273406
7678,-6605.587749982127
7679,-6128.230872485855
7680,-2998.025810790584
7681,-6361.360177859728
7682,-5959.221044235048
7683,-5807.120417846233
7684,-5800.382857299523
7685,-4757.915641386941
7686,-6230.205806056251
7687,-2502.940829326199
7688,-285.3123728866513
7689,-83.68174931390243
7690,-121.30625352715037
7691,-299.5969170130894
7692,-2423.192803533865
7693,-152.17334891482378
7694,-225.1542361985377
7695,-106.05341384936708
7696,-40.54617228760033
7697,-192.6350381674149
7698,-357.63457588604564
7699,-1010.1245233287441
7700,-70.32790662807639
7701,-1623.092688723777
7702,-207.50242298359717
7703,-224.96638156330658
7704,-277.351091529315
7705,-897.9153018711196
7706,-76.27477878568504
7707,-231.12338330514322
7708,-1919.6035732212256
7709,-622.2176807587163
7710,-805.900029598958
7711,-324.439402701077
7712,-102.42942938029624
7713,-211.96215670546408
7714,-4729.152243520178
7715,-2507.7577796284895
7716,-266.4436659749047
7717,-2219.7270853864293
7718,-1766.695806836993
7719,-128.8567376544973
7720,-171.15238204403073
7721,-2394.5276667569005
7722,-2106.374089292781
7723,-542.1960663716184
7724,-325.76516475735167
7725,-272.61179212649324
7726,-236.49669427704345
7727,-395.2160280267518
7728,-637.6170577987964
7729,-464.29339814737153
7730,-304.18270196235983
7731,-1208.3289199016538
7732,-269.523762497853
7733,-2061.4116182323914
7734,-2138.969194979325
7735,-2271.893706209761
7736,-550.2007421740357
7737,-3934.5433214467125
7738,-237.6105877041598
7739,-317.11441998424925
7740,-2463.766096600127
7741,-277.59185227459
7742,-276.94588034806037
7743,-277.2435225964001
7744,-369.8820275464616
7745,-277.32718100711827
7746,-234.1210752762299
7747,-1795.1038913480045
7748,-337.13413706542315
7749,-349.07860385802024
7750,-2096.6492178294016
7751,-261.07230945315644
7752,-1872.3724800089255
7753,-174.39153753195149
7754,-104.25634803496943
7755,-2451.8929681811624
7756,-1426.4484498244062
7757,-2368.1220218618537
7758,-2085.9888428905097
7759,-2019.3541520001952
7760,-2289.049437072103
7761,-2182.2656353505013
7762,-194.65989532652543
7763,-299.936753987933
7764,-316.1242945458415
7765,-2608.471857980908
7766,-2671.0977490903197
7767,-109.07049506181238
7768,-2366.1682896591637
7769,-2502.142740747372
7770,-288.88642615971327
7771,-2572.293262946276
7772,-3025.458175990128
7773,-2992.3427717500545
7774,-460.05369456583725
7775,-289.24444429535833
7776,-415.00755630494336
7777,-87.54149148717055
7778,-3264.7433948900134
7779,-2063.7562406429906
7780,-2720.1445285546574
7781,-2538.3010979172223
7782,-144.90879294053178
7783,-300.5970461225365
7784,-562.9226357560563
7785,-2542.5733947817794
7786,-391.1440786831493
7787,-374.97137955037044
7788,-377.2958117042771
7789,-600.0406158689921
7790,-1011.9018874639618
7791,-1899.5758415561434
7792,-992.9663959230152
7793,-1254.4621373191956
7794,-324.728105672595
7795,-206.61465882905293
7796,-1318.7595619778888
7797,-3150.4511919874803
7798,-81.91204231013512
7799,-72.9848614793772
7800,-336.2333933531159
7801,-78.37329786649218
7802,-3126.2863704668025
7803,-444.62265100562234
7804,-1090.0720844947825
7805,-61.893452191673774
7806,-1422.4781303171148
7807,-4745.157071247203
7808,-540.685478238293
7809,-172.24108443577302
7810,-104.59006113028184
7811,-59.90506688667011
7812,-4698.823389813626
7813,-120.17166478827575
7814,-144.0762637278717
7815,-437.76391939963355
7816,-96.94451124033196
7817,-434.17077558892885
7818,-400.0619564826412
7819,-3888.298450188962
7820,-321.9288152074156
7821,-389.4745408613811
7822,-76.46216685908209
7823,-50.006947885869614
7824,-45.42045787140214
7825,-300.2576685949655
7826,-2330.550987272377
7827,-2138.1859966289785
7828,-353.0443496858636
7829,-253.36711772896086
7830,-14.684576241737346
7831,-188.24926607201337
7832,-268.50376564140936
7833,-332.79963007294475
7834,-358.6361097510369
7835,-34.681380897249696
7836,-366.43844155146246
7837,-206.14481237423112
7838,-4509.7606733954035
7839,-257.8021236154584
7840,-44.51781233631995
7841,-348.0803544707124
7842,135.2519537829441
7843,-288.6849327016216
7844,-4747.8180118936225
7845,-235.8152409957231
7846,-563.8089855771648
7847,-310.0982034741503
7848,-395.0631989080373
7849,-515.3034170915325
7850,-35.82693378240886
7851,-340.6370215345088
7852,-194.07485045693565
7853,-33.903784023816655
7854,-373.19322242482707
7855,-364.16157028957605
7856,-345.58358374831073
7857,-338.4696881688203
7858,-453.2513801582048
7859,-417.03658170486494
7860,-601.7155359646455
7861,-374.877593256947
7862,-373.27033567161936
7863,-297.4407221552396
7864,-515.8386848510279
7865,-398.9645173078835
7866,-210.58311285379824
7867,-413.87919373157695
7868,-381.7561748602686
7869,-345.4655376534961
7870,-378.78900584282144
7871,-372.71395458118
7872,-332.46473965918136
7873,-420.6426130863264
7874,-425.2629887245527
7875,-504.5657921287518
7876,-431.7694327733678
7877,-506.9299335352954
7878,-404.2490121660445
7879,-438.0735030494591
7880,-451.4819884515115
7881,-361.3587895107093
7882,-406.509031881138
7883,-66.05661260660347
7884,-315.44675922028205
7885,-284.0573394586767
7886,-271.00493746584175
7887,-221.68566389515567
7888,-30.352600310755438
7889,-81.72507816024137
7890,-176.26184385224116
7891,-183.09692559774595
7892,241.16984044958127
7893,-261.98734769414443
7894,-211.79761796439823
7895,-231.57635879391694
7896,-109.15936540141503
7897,-77.09887910810255
7898,-258.9720487027504
7899,-75.60844351487604
7900,-230.67503872140597
7901,-69.91053723541997
7902,-244.6816487146946
7903,-266.7567649890705
7904,-221.40877552329277
7905,-263.22386311866035
7906,-272.97584664329725
7907,-253.69619560307297
7908,-208.25850349716137
7909,-240.42130409776763
7910,-395.83800253326467
7911,-359.8231437521823
7912,-392.5633589101868
7913,-247.37619972237496
7914,-422.7974717480662
7915,-285.9950134125678
7916,-378.0485596200115
7917,-320.1477836875304
7918,-432.83723924446156
7919,-124.94333009860448
7920,-283.80782578592266
7921,-261.96329224903087
7922,-343.6303979171392
7923,-359.1901530851066
7924,-540.8706178269608
7925,-403.9583778753731
7926,-531.7490442857206
7927,-389.28325113357135
7928,-388.5838213018132
7929,-394.3612248028282
7930,-69.02223651528887
7931,202.66890080932322
7932,-344.923056098012
7933,-473.52085154498417
7934,-245.37934533248566
7935,-383.4663780425948
7936,-366.17916069747776
7937,-428.369809671785
7938,-427.6999435468795
7939,-512.6016357991507
7940,-407.50033931208793
7941,-385.1778971502938
7942,-343.84288918249234
7943,-360.67995761537486
7944,-442.2327939502717
7945,-456.168040791316
7946,-578.6787224013923
7947,-414.02859991893996
7948,-424.76282941012107
7949,-499.85972314556545
7950,-372.5633884362396
7951,-331.81741631345716
7952,-402.99188890838036
7953,-352.1300175879508
7954,-389.56084890772286
7955,-345.0051256670083
7956,-373.7141492442858
7957,-346.0311975577001
7958,-63.01238679354174
7959,-365.8762255781739
7960,-468.8159793602627
7961,-321.73475258851846
7962,-295.01173086029786
7963,-268.38716515245073
7964,-367.3951838241465
7965,-427.61254592697395
7966,-368.8556345264504
7967,-374.733339701266
7968,-343.2616721571305
7969,-525.3192803414056
7970,-295.47772077899674
7971,-417.5137990195761
7972,-426.5207371088413
7973,-375.5293299092052
7974,-339.19908442890676
7975,-436.65208209371133
7976,-287.3658868695759
7977,-507.9185196072093
7978,-353.57656779889487
7979,-363.8218859421325
7980,-438.05014627104595
7981,-462.6390900193496
7982,-367.82598546631164
7983,-347.01615140768615
7984,-406.29346739259296
7985,-337.21763845050816
7986,-476.1386568255525
7987,-357.4126960339467
7988,-330.2624093215467
7989,-497.1577274991389
7990,-310.05335736531015
7991,-332.7192963656832
7992,-364.2950314162559
7993,-316.102976485874
7994,-436.5464882550765
7995,-405.91409990451115
7996,-540.7435788189291
7997,-531.4670150436316
7998,-397.1451008972941
7999,-380.77204435503666
8000,-397.86234299100204
8001,-534.7247088225938
8002,-367.5090457020759
8003,-351.47515907526065
8004,-328.90245315155596
8005,-411.55384147310576
8006,-554.5443883186067
8007,-436.35204207340513
8008,-429.80981072166946
8009,-522.2966505421298
8010,-400.97602549275604
8011,-283.9554055011285
8012,-402.81290179319745
8013,-407.047414254475
8014,-257.8022991136641
8015,-534.2234022967789
8016,-465.226415121783
8017,-571.1886502172915
8018,-485.0057240365777
8019,-353.6791189411613
8020,-444.35166116858625
8021,-392.9578483945377
8022,-291.9265701669002
8023,-558.2898608633841
8024,-451.1636469167919
8025,-503.0307974227699
8026,-412.0179997765483
8027,-328.94032080370334
8028,-339.3199997504958
8029,-673.6122857940159
8030,-519.8535532751289
8031,-263.044147588369
8032,-520.2188282178533
8033,-251.4668947859159
8034,-371.0216862668248
8035,-413.13515687971136
8036,-413.96668960907914
8037,-473.40503084048066
8038,-525.15195320244
8039,-305.35829224728803
8040,-239.43099241223388
8041,-285.2221486457987
8042,-339.82413720009146
8043,-379.07522443920976
8044,-519.0572431821495
8045,-303.6863563843448
8046,-533.6768883254626
8047,-499.59851285712654
8048,-359.91967606132783
8049,-230.7485997664243
8050,-507.9761497435416
8051,-446.26192948120905
8052,-474.2881149493694
8053,-358.06150041808104
8054,-535.1597720999919
8055,-486.4626878706974
8056,-400.88957815466335
8057,-308.80213696519513
8058,-246.90673813119753
8059,-476.2402409431164
8060,-514.4991650896479
8061,-488.1551363357224
8062,-446.7984155431029
8063,-512.6212107066814
8064,-365.30683065975774
8065,-374.9431985785967
8066,-448.84865622158577
8067,-551.0639983772427
8068,-503.86955259103723
8069,-427.4252524170831
8070,-500.9805806742353
8071,-603.2323933535314
8072,-329.30679115952387
8073,-278.62209279762897
8074,-517.3925133818109
8075,-134.31546002791953
8076,-401.5949961553312
8077,-263.5557650257615
8078,-523.6356820115041
8079,-209.2832297628515
8080,-530.0272557774524
8081,-446.45248458352876
8082,-493.15342264204776
8083,-435.9482647023051
8084,-546.2783451756418
8085,-320.77922409042554
8086,-417.60304930214375
8087,-357.31101739447814
8088,-509.6479647354957
8089,-404.4040504437652
8090,-391.6930653285921
8091,-486.7056438280849
8092,-546.2587147525644
8093,-609.1988711942189
8094,-400.174228304619
8095,-471.05210060046585
8096,-302.9349822321428
8097,-311.1675794221196
8098,-331.53172505781845
8099,-500.0028059541573
8100,-235.85756978441557
8101,-343.8774091563063
8102,-502.18739954530906
8103,-261.5842877629263
8104,-262.5594219161139
8105,-215.7582343743984
8106,-253.63406216894217
8107,-254.23072062692412
8108,-225.19203342253724
8109,-445.26193934403614
8110,-374.85485022341055
8111,-567.2669943301873
8112,-266.8717355152595
8113,-229.1858522360918
8114,-445.2574487545535
8115,-445.6547583057493
8116,-404.3242805982875
8117,-338.9578133634062
8118,-89.32839775843601
8119,-214.13029786722774
8120,-587.1219734771867
8121,-274.09810910411215
8122,-192.32231345432234
8123,-526.4682681396232
8124,-452.8848899536315
8125,-192.68630318304815
8126,-261.2287649468897
8127,-237.41259640485373
8128,-224.3719073734839
8129,-261.6379309291553
8130,-485.4199522853049
8131,-581.6016435427871
8132,-177.58077361682507
8133,-571.367751666037
8134,-220.26330633876228
8135,-174.7636356998438
8136,-223.01791046475608
8137,-211.58584186852784
8138,-491.89005832030364
8139,-486.27859258727784
8140,-182.63250435629703
8141,-479.0545615416271
8142,-308.81843329056454
8143,-543.268026140976
8144,-484.2034280918521
8145,-461.6240861625051
8146,-489.3768399655393
8147,-156.71603003783932
8148,-250.68253928844229
8149,-223.96602138383602
8150,-226.755343277913
8151,-169.11543529056118
8152,-526.0576644650457
8153,-473.1427970750242
8154,-311.9847320003675
8155,-365.99159260263787
8156,-528.8376629130639
8157,-303.7864114889479
8158,-233.1324067525194
8159,-513.1641768741928
8160,-318.30699524810495
8161,-282.41101562782615
8162,-219.26229232940616
8163,-331.14569760058487
8164,-215.69314640433356
8165,-227.95302422262148
8166,-245.16626755733978
8167,-249.92059556450297
8168,-236.52642390199293
8169,-232.12720104257522
8170,-525.9422690708482
8171,-225.49895693470904
8172,-507.3908884509953
8173,-256.4606169976804
8174,-208.80994782992832
8175,-215.78303495902168
8176,-483.28147476943457
8177,-556.0637709389769
8178,-488.5962196957322
8179,-228.83819084815096
8180,-480.0410661881872
8181,-295.5647988255338
8182,-209.74797562999868
8183,-224.71456459866064
8184,-436.14381785823315
8185,-184.93755740270228
8186,-406.8718754049046
8187,-132.53799760796306
8188,-224.65394691983735
8189,-56.87017298110558
8190,-460.8427464041851
8191,-610.1860537454583
8192,-515.491505027549
8193,-280.3030298721413
8194,-237.0159559549588
8195,-498.95731896688795
8196,-239.55639857627037
8197,-486.84767370640077
8198,-211.03620793910804
8199,-286.1551095762243
8200,-481.2877024715932
8201,-218.07220680482789
8202,-185.142257037014
8203,-280.5355960722484
8204,-428.9263568881035
8205,-233.80457347488695
8206,-177.37303487317547
8207,-210.35562646084878
8208,-208.93791892797668
8209,-554.4948344518342
8210,-180.63163602681996
8211,-525.8642733527552
8212,-466.90613188904285
8213,-226.1039360504589
8214,-498.3021625226208
8215,-183.78916476102847
8216,-455.7361892885421
8217,-245.66817157222223
8218,-400.1819697789883
8219,-411.6536567504204
8220,-205.85026195613472
8221,-226.70448956137614
8222,-424.6764760479055
8223,-244.26893747392785
8224,-438.16983816362773
8225,-219.73772321266563
8226,-184.74328472726103
8227,-362.3975237281531
8228,-255.17333130447906
8229,-298.39742709587125
8230,-198.14199002060212
8231,-312.0653603379334
8232,-204.8743885334609
8233,-404.6228539886877
8234,-408.8669553930698
8235,-258.51901803524345
8236,-467.3860144715316
8237,-437.2212349027288
8238,-426.51708253006683
8239,-211.9467142162311
8240,-176.0492933930745
8241,-437.523506549245
8242,-364.1884751566576
8243,-449.2931255164747
8244,-401.906718624901
8245,-387.50728527332785
8246,-404.478621038377
8247,-390.69401205725785
8248,-326.4893093292929
8249,-366.97281364430773
8250,-305.1604428845974
8251,-204.05263064124586
8252,-398.8171987454692
8253,-466.0738534334028
8254,-349.0053142286032
8255,-276.80423142292966
8256,-311.0064423555546
8257,-251.29362010451604
8258,-197.8177840500814
8259,-312.4573466723925
8260,-347.76285902241926
8261,-313.89146522149576
8262,-385.5722516470631
8263,-376.1973348418471
8264,-331.1996206038044
8265,-246.77442554555176
8266,-400.14001668316837
8267,-442.35277435069605
8268,-407.12848244933093
8269,-291.1443593257193
8270,-280.69185760096855
8271,-149.79309182775134
8272,-324.8390793433207
8273,-321.5998808753693
8274,-334.9758816719177
8275,-388.5519601433631
8276,-230.32203467893353
8277,-355.6789188748787
8278,-410.3324868382453
8279,-376.3153607390434
8280,-265.9801071372153
8281,-359.45181949247353
8282,-279.1705626882061
8283,-312.2609101395279
8284,-207.5227490244779
8285,-336.57124621925243
8286,-409.049682733131
8287,-440.86051731916393
8288,-324.419653797087
8289,-362.2016655593514
8290,-321.5764379744457
8291,-414.9470625570108
8292,-264.9545195555674
8293,-387.4309454438496
8294,-367.8055079334104
8295,-345.5299375570801
8296,-353.5627962811107
8297,-401.4238518316816
8298,-371.3209735242096
8299,-414.44544675791064
8300,-259.5271309733263
8301,-244.53804728683127
8302,-290.3348195887562
8303,-308.06957773276645
8304,-270.9946244909486
8305,-312.0385673381923
8306,-314.06730022005013
8307,-433.1635574999317
8308,-297.5898919928028
8309,-466.67017096210736
8310,-280.02398486930645
8311,-290.80498789095327
8312,-373.69908796994605
8313,-456.1821474729565
8314,-310.93603814091534
8315,-231.10113940260396
8316,-338.86455018747415
8317,-303.7122286448796
8318,-336.0655296853687
8319,-283.57086466272085
8320,-351.49733920777567
8321,-307.51892633884813
8322,-305.64695774388554
8323,-377.31131425663
8324,-284.71057677437943
8325,-342.404545476821
8326,-425.24112453703896
8327,-317.78793017285847
8328,-359.58658120459984
8329,-508.07968758319123
8330,-300.4257435501148
8331,-381.4964600981866
8332,-349.220961908704
8333,-353.0620121024979
8334,-261.8980702254494
8335,-447.53725258083665
8336,-281.73483736899266
8337,-300.71062397439437
8338,-351.39845032389997
8339,-307.07635950491624
8340,-347.73857539017547
8341,-333.16059779068155
8342,-471.2326274720868
8343,-258.91259204310217
8344,-364.6049999663336
8345,-334.5080973794952
8346,-301.4698729338468
8347,-287.89311034229917
8348,-284.31678686957764
8349,-301.26358950394604
8350,-263.73101285388
8351,-310.63171266389054
8352,-268.25197550360895
8353,-357.5696674565212
8354,-353.4204245980126
8355,-363.2029425012054
8356,-307.16983364455143
8357,-451.81522586539523
8358,-325.1853896063385
8359,-318.2232723846118
8360,-239.54159868689302
8361,-289.9784915119464
8362,-230.0156822121126
8363,-337.33105097633495
8364,-310.2981067728554
8365,-341.72748920060405
8366,-266.571301729016
8367,-314.8133114178036
8368,-220.35753357914075
8369,-491.23788254990336
8370,-256.07061549271685
8371,-312.2569462261007
8372,-273.0126686573299
8373,-241.097415061128
8374,-289.1798863342393
8375,-324.30763734375114
8376,-345.86640552779227
8377,-244.21234285933238
8378,-261.9145058310844
8379,-270.20367043617256
8380,-337.6224870235892
8381,-375.30092212716477
8382,-198.62669255375488
8383,-303.497253601084
8384,-340.36805221491335
8385,-282.7011467128125
8386,-329.50588107961875
8387,-342.0760199988483
8388,-324.57309186316024
8389,-350.65899389490835
8390,-287.76799987587106
8391,-326.0482050666935
8392,-256.65715797198584
8393,-305.09754933616387
8394,-235.47977718031493
8395,-306.68071117459823
8396,-280.21053307791
8397,-240.80147022119613
8398,-338.5536114730728
8399,-234.20656226933062
8400,-251.02289591343626
8401,-323.6303850633142
8402,-275.8765983327229
8403,-291.97397416347906
8404,-292.5148005775694
8405,-309.1020580749247
8406,-258.3504968731166
8407,-280.67135437851744
8408,-96.90143250042351
8409,-315.879425727348
8410,-229.7306129700236
8411,-232.23067259892065
8412,-324.28144395521485
8413,-280.5119031708253
8414,-269.1620864746626
8415,-298.39857725244224
8416,-110.39852744416952
8417,-103.05473336694322
8418,-288.1775648703257
8419,-308.1618979150529
8420,-276.2584978680403
8421,-275.1623203493831
8422,-238.29926920147165
8423,-313.6060618729367
8424,-314.8407358959172
8425,-273.32260540206914
8426,-274.3953808190994
8427,-288.73159083463906
8428,-307.5787930610185
8429,-291.30582606107436
8430,-243.3021204325792
8431,-337.83663409524286
8432,-251.1621237552408
8433,-355.2690449372847
8434,-294.3339843158717
8435,-288.40670818158515
8436,-262.9480371091521
8437,-272.21371068112353
8438,-312.76492483598037
8439,-309.0257906591773
8440,-290.9708322076617
8441,-254.71453222898091
8442,-290.92112765162193
8443,-290.3610146704583
8444,-249.86907627603455
8445,-184.97132696324923
8446,-237.39510133630003
8447,-263.07581748703535
8448,-317.3894995129523
8449,-205.66013978168752
8450,-285.03820202971417
8451,-80.59401832692573
8452,-257.3170845498355
8453,-275.09061691088175
8454,-250.815351106945
8455,-274.95474971102544
8456,-301.1904675397067
8457,-270.7454283820176
8458,-294.39624020558205
8459,-209.03185600263
8460,-304.01685406040633
8461,-282.32429615484114
8462,-262.04712113766436
8463,-203.08136416324936
8464,-293.77523507638966
8465,-228.40625712534717
8466,-174.42760832202998
8467,-215.77802934684001
8468,-235.19197674129182
8469,-227.2021611139949
8470,-222.85565479248805
8471,-77.73072321778112
8472,-261.08441327612695
8473,-72.11912505093802
8474,-217.75275868388064
8475,-254.85332696334297
8476,-274.34939619052784
8477,-225.19490319525784
8478,-265.69960875605295
8479,-212.24750190318971
8480,-230.1494318887299
8481,-252.66444588840096
8482,-245.66388928570652
8483,-322.3905746224053
8484,-236.99866785785161
8485,-221.2043284097258
8486,-232.50678401671667
8487,-243.85897688870688
8488,-185.6014887014803
8489,-195.16743150568823
8490,-203.7574978384389
8491,-191.36081051566995
8492,-178.7987346627155
8493,-254.34666577083863
8494,-148.64083271546372
8495,-239.4768729503045
8496,-221.9385981848837
8497,-236.71676896391435
8498,-179.9828728924405
8499,-292.2121867816753
8500,-294.03444054813895
8501,-218.69797807742094
8502,-260.7862261195796
8503,-188.2169107403691
8504,-205.87569840000856
8505,-224.19248329795556
8506,-193.0442952631576
8507,-205.20763107035486
8508,-206.76595749833368
8509,-140.8996818528413
8510,-178.56320960200304
8511,-227.8379353543649
8512,-208.63693378082405
8513,-208.33359438253322
8514,-230.872497287831
8515,-232.423268833478
8516,-212.69097739269205
8517,-206.21825559922826
8518,-15.781886756006045
8519,-216.7520183107807
8520,-176.06566652604843
8521,-215.12508518025209
8522,-178.78582101902578
8523,-153.04017887657446
8524,-240.96053325689158
8525,-222.62547415531262
8526,-172.86928034636122
8527,-281.50489977122055
8528,-215.88525345566046
8529,-249.50580654513618
8530,-339.88347651996406
8531,-274.08074902077425
8532,-229.55060714084516
8533,-306.0433225079514
8534,-258.4608296744716
8535,-211.00553163766054
8536,-203.77008773891492
8537,-257.0882664472961
8538,-219.53778261346667
8539,-203.85824839108733
8540,-210.75240505801207
8541,-264.26267671934215
8542,-239.2022874753677
8543,-264.7075100750768
8544,-270.7975195604653
8545,-223.86526952136046
8546,-200.9414696019125
8547,-231.61549067462403
8548,-135.31882099738618
8549,-230.5790967516045
8550,-280.1806698558297
8551,-221.45126567617223
8552,-286.7661755491803
8553,-214.79447380981392
8554,-264.28166624428036
8555,-254.9103727330327
8556,-307.82912747797786
8557,-276.05402574116374
8558,-250.54171428344208
8559,-258.49469343494286
8560,-194.13283795091328
8561,-326.199123745045
8562,-234.06353750542618
8563,-277.15046172990174
8564,-254.3183789615531
8565,-257.9780754897862
8566,-281.7169287142051
8567,-299.1740616695123
8568,-71.13758840778144
8569,-137.6032788649306
8570,-296.42734637796275
8571,-199.70900301263785
8572,-217.79126118369174
8573,-265.3854570000324
8574,-237.833979476979
8575,-230.6367230839795
8576,-230.61641858062197
8577,-280.479199998073
8578,-224.2205439572321
8579,-72.48564323595902
8580,-313.10670187470805
8581,-356.87065090955383
8582,-235.67796705527698
8583,-156.61858335712603
8584,-245.9877209655817
8585,-274.9367729621704
8586,-250.6371768473616
8587,-241.8119897906758
8588,-240.73645520636586
8589,-221.19133286042847
8590,-265.3987915800119
8591,-258.8380938317433
8592,-254.20391010346566
8593,-225.53818199300412
8594,-224.94075432933857
8595,-225.45723051630858
8596,-293.37451074437877
8597,-234.27227699979022
8598,-256.9549786920953
8599,-283.122916687609
8600,-213.88608288647828
8601,-220.5037236549081
8602,-248.42103621490364
8603,-244.95511376785856
8604,-244.00118055431668
8605,-289.9358878966715
8606,-248.48356717907387
8607,-275.851998665872
8608,-233.82486779529702
8609,-300.988297702272
8610,-277.10243740328883
8611,-318.13086220491596
8612,-286.31163161785776
8613,-230.7921258723586
8614,-306.5689595151596
8615,-289.63522614216095
8616,-295.8304140882565
8617,-288.6640845076978
8618,-251.66780680019735
8619,-224.6781785911404
8620,-307.9289547625188
8621,-286.7223696725413
8622,-262.4875186761608
8623,-285.28753140259573
8624,-311.4165811249045
8625,-289.38083923372494
8626,-210.80135707098916
8627,-285.0277204706031
8628,-271.3470575471871
8629,-17.903280480273125
8630,-316.9184927004993
8631,-199.5150359248796
8632,-264.59936752049214
8633,-333.39803366768683
8634,-304.4134928375119
8635,-304.95223680174394
8636,-158.3322383563842
8637,-289.9030790798241
8638,-299.85058410500403
8639,-159.27758611650313
8640,-332.2021967643876
8641,-298.86787306759436
8642,-286.67916917132766
8643,-345.84406024314814
8644,-294.55036820118954
8645,-327.5012583510901
8646,-237.765648324346
8647,-132.39370476401479
8648,-328.0173394613171
8649,-244.08545501763913
8650,-344.7729174731992
8651,-306.28403358035274
8652,-269.5491709656883
8653,-324.2573475898572
8654,-289.4558341940294
8655,-255.7943715266964
8656,-308.9714837626294
8657,-123.57194155975711
8658,-233.94442510891633
8659,-365.3839746681634
8660,-356.4963031553735
8661,-264.4360558544299
8662,-372.35137893167087
8663,-424.5416254546757
8664,-122.44522337667816
8665,-339.8568329352387
8666,-459.9329050758514
8667,-298.2282729434722
8668,-211.88933286416082
8669,-300.11402152974813
8670,-451.47600888061453
8671,-275.0103612846285
8672,-473.1260149715738
8673,-263.35741105830687
8674,-357.2455919244598
8675,-359.58384818758867
8676,-111.6269159555129
8677,-322.0402876990303
8678,-299.82656535774
8679,-336.1187198206698
8680,-342.0859448612507
8681,-381.3025198289585
8682,-124.50111827022225
8683,-390.05712063019377
8684,-407.5904468850863
8685,-159.6187655267795
8686,-209.06142864911007
8687,-156.89167951702183
8688,-376.286565671774
8689,-170.6132593953848
8690,-455.79196887113
8691,-170.4830322008393
8692,-432.6071475329521
8693,-467.32907702903765
8694,-211.3647155842616
8695,-559.7757109569367
8696,-206.07632026304557
8697,-638.4854031622652
8698,-144.49681564908903
8699,-788.8034443256544
8700,-190.48362474802025
8701,-226.1442490233106
8702,-225.42718669577098
8703,-643.0736685341318
8704,-663.6953724257685
8705,-188.65442817736704
8706,-198.74038583212183
8707,-887.914728971179
8708,-990.619456603792
8709,-273.9438938483388
8710,-177.91635758430772
8711,-1132.985015479436
8712,-1166.9207869223794
8713,-230.256168141845
8714,-1107.1921971258646
8715,-1319.0705729156066
8716,-196.3861270313007
8717,-1371.4879813085486
8718,-250.74329148419994
8719,-180.62274696023542
8720,-1924.3558186271778
8721,-203.8135172442437
8722,-208.78402527821987
8723,-1715.7912060969222
8724,-315.63978860628293
8725,-234.52922971782942
8726,-193.0944373756049
8727,-219.11193772951827
8728,-221.45766469938548
8729,-2084.9737523330055
8730,-2268.149373844819
8731,-2323.243457706912
8732,-1776.5429751408226
8733,-1840.9695328133744
8734,-231.23402538460263
8735,-1839.3860758735423
8736,-2070.994167180943
8737,-2202.8674136369164
8738,-305.60366224795274
8739,-249.73403022561627
8740,-297.19106346951764
8741,-1971.97614873187
8742,-313.70668364253515
8743,-218.42657967532173
8744,-267.5626275893492
8745,-320.3530477937553
8746,-284.26564302288455
8747,-208.37739184089992
8748,-341.2430903295166
8749,-393.41055999260124
8750,-442.40463846814544
8751,-458.5510100319287
8752,-478.1657132235459
8753,-422.44344194540696
8754,-455.19747330725505
8755,-422.9959840441389
8756,-459.29897263801
8757,-293.2000061649811
8758,-548.427225175838
8759,-557.6309221474035
8760,-431.6363800133411
8761,-531.9024406611827
8762,-427.7695720579408
8763,-478.654399817266
8764,-470.40281876125675
8765,-330.8512864238128
8766,-259.8110823920251
8767,-265.09619321804894
8768,-498.5111044715991
8769,-374.43700987192665
8770,-474.27398431866544
8771,-347.8816512650696
8772,-265.30469515144694
8773,-321.50794989206463
8774,-458.86607585413833
8775,-417.48234742124623
8776,-290.40358730988805
8777,-394.3687586478168
8778,-453.83113221589053
8779,-295.0734953364175
8780,-260.17027233483805
8781,-451.60956737662116
8782,-207.5698576624656
8783,-100.55811987391124
8784,-293.00589155638295
8785,-412.6331815540564
8786,-171.9739881270516
8787,-227.17720361731705
8788,-211.9465692426822
8789,-443.45050505026774
8790,-225.73534735319254
8791,-1880.9625035558363
8792,-303.4573000541916
8793,-2192.01568775916
8794,-114.95413979578953
8795,-2072.1838594820606
8796,-495.22026522976284
8797,-180.73433045434234
8798,-1801.3235644294903
8799,-314.61965337342065
8800,-180.36981948644998
8801,-290.36875533256926
8802,-1848.0668046511066
8803,-328.3832497675128
8804,-441.8629502590128
8805,-189.6388211240381
8806,-376.34291685745114
8807,-405.5495841296925
8808,-342.99296291872565
8809,-391.4445344447859
8810,-142.19190301731953
8811,-286.2769452244811
8812,-411.3996609043763
8813,-399.95793280833914
8814,-411.3598601841599
8815,-736.0478730090864
8816,-632.7911334181757
8817,-496.5770005067801
8818,-713.9613443973019
8819,-733.4246826156493
8820,-446.90767229936796
8821,-408.81541395386415
8822,-452.27365395354076
8823,-399.2016495516089
8824,-445.70928373234887
8825,-439.8296367029049
8826,-456.0117888656665
8827,-405.1039661486685
8828,-406.9493408892901
8829,-144.89676344502573
8830,-369.03261842752414
8831,-300.13059309932703
8832,-570.4013977816069
8833,-182.85017488651607
8834,-149.9321411410542
8835,-383.8651504176233
8836,-633.3796751062752
8837,-511.91659224898734
8838,-378.1184058610522
8839,-695.714732230417
8840,-674.8490798414482
8841,-349.15699627980786
8842,-289.2468083630853
8843,-525.5775642155643
8844,-714.5481470919375
8845,-255.28364278906707
8846,-701.289621865817
8847,-273.04277105749486
8848,-728.8564050386972
8849,-226.07435913038503
8850,-227.6905955165915
8851,-225.95420299801708
8852,-619.6251142112219
8853,-602.6683444034825
8854,-635.6393223621825
8855,-247.07537659019266
8856,-608.3575730652456
8857,-647.8409653159968
8858,-226.18965500080805
8859,-562.0998500465657
8860,-598.8263187991633
8861,-561.8638535028341
8862,-211.45151565061354
8863,-203.5898647621746
8864,-441.5595591335996
8865,-247.87982753393968
8866,-352.0045375575968
8867,-404.48565709768036
8868,-382.3293479826848
8869,-476.89118232075805
8870,-215.30189495712466
8871,-604.1974030164929
8872,-232.91409558636428
8873,-516.1708644138232
8874,-485.57750508290695
8875,-340.6916523328199
8876,-386.9079461086037
8877,-374.1799805045875
8878,-553.3505430553735
8879,-310.40434724145655
8880,-255.21589807874548
8881,-511.6098343435605
8882,-231.3539485506395
8883,-647.8558608524104
8884,-232.42342086619496
8885,-243.01115776551566
8886,-447.07290141814644
8887,-518.3016928950153
8888,-618.3445843559156
8889,-266.91986658227745
8890,-163.73122514140726
8891,-266.5497200798038
8892,-349.6044919144
8893,-345.96934489481066
8894,-304.739250650165
8895,-332.85940211980324
8896,-624.4025378016852
8897,-207.78419573202495
8898,-564.1711663506264
8899,-199.90128535308952
8900,-247.12879626563756
8901,-538.5316920457162
8902,-282.82422532918036
8903,-293.24578802635455
8904,-222.72566462265723
8905,-308.42233473074873
8906,-216.9201855620168
8907,-345.01895395180554
8908,-196.90099223884542
8909,-262.81841894840727
8910,-365.25533328905266
8911,-222.20080329847477
8912,-384.57648477691146
8913,-282.3691038903374
8914,-334.9452460211835
8915,-243.88118111709025
8916,-322.9800117905771
8917,-254.62380261103425
8918,-261.61601319652993
8919,-248.24601262278514
8920,-317.16351626271336
8921,-282.29540721322155
8922,-346.03599581881764
8923,-589.3353411364033
8924,-221.24527080742962
8925,-372.72625652406214
8926,-225.1061935625931
8927,-373.68838508448374
8928,-214.00564726017774
8929,-178.35311153441313
8930,-265.92098021996475
8931,-381.4543161516968
8932,-365.10830589473863
8933,-349.34377263280726
8934,-360.18712832984943
8935,-440.3893253923709
8936,-211.685053170599
8937,-998.0241016419943
8938,-897.3077718227856
8939,-369.42664324620114
8940,-379.050748156736
8941,-441.63226998054944
8942,-356.40346354471825
8943,-691.4085684794769
8944,-377.33168897213733
8945,-387.6463674200572
8946,-253.68379050389146
8947,-421.2900242319895
8948,-213.66366382419102
8949,-246.78131245260047
8950,-729.8916409133259
8951,-703.9682306967542
8952,-207.2100496009156
8953,-383.1034462671527
8954,-365.34265139668696
8955,-319.27886892516074
8956,-657.7335467198902
8957,-763.4457535505622
8958,-286.62136702238524
8959,-791.4052121621793
8960,-748.364041822055
8961,-351.58647814879566
8962,-742.5103599600934
8963,-223.32934945496578
8964,-208.3333596194982
8965,-773.5608915616052
8966,-262.1662140084344
8967,-224.10226616613954
8968,-259.537217654874
8969,-856.9826042897623
8970,-835.7552173901341
8971,-242.91669724758287
8972,-344.34653791215044
8973,-358.7525616853048
8974,-904.3209709510874
8975,-233.80501989972086
8976,-314.49508958795616
8977,-892.8220483950367
8978,-290.58077599212345
8979,-374.50131740533806
8980,-896.6775630010795
8981,-1042.3931911662853
8982,-340.3836748879581
8983,-310.4819299691833
8984,-947.8498364960215
8985,-341.33599920829676
8986,-851.401363495525
8987,-274.71340228970917
8988,-377.58165743571357
8989,-341.03279064689286
8990,-779.3801174781692
8991,-354.1488513239661
8992,-803.964268981921
8993,-808.3135370079278
8994,-797.7991853479394
8995,-859.851697710295
8996,-274.5699882337397
8997,-824.9896382773996
8998,-843.1496265690153
8999,-815.1987513174381
9000,-819.8480470089063
9001,-236.37548256117594
9002,-333.2709190946457
9003,-389.6958361909572
9004,-210.9558985821448
9005,-76.09476453233813
9006,-837.1633393741705
9007,-832.0252155084848
9008,-225.6737284909497
9009,-368.79296293853497
9010,-863.5269038753729
9011,-879.8128500998904
9012,-957.348740402389
9013,-927.971579877483
9014,-400.6607112107777
9015,-956.9566090194522
9016,-232.3153690359396
9017,-924.9053667129995
9018,-543.4712091417061
9019,-933.3708947464478
9020,-506.40278486903077
9021,-347.1280231263321
9022,-443.27758609245103
9023,-531.3469601538015
9024,-924.2415740306201
9025,-371.9824233571154
9026,-906.1882424624309
9027,-924.3445663914855
9028,-392.9196549969462
9029,-421.65445072451456
9030,-405.2339701801872
9031,-893.3111497890899
9032,-900.592596179676
9033,-906.0659977809098
9034,-869.2251317982061
9035,-856.3094840489429
9036,-279.9848801313799
9037,-260.01900386979014
9038,-923.1717350855492
9039,-905.0900261460355
9040,-840.5819875398279
9041,-877.6291746053722
9042,-821.656422629406
9043,-879.5128766304056
9044,-848.1410548077243
9045,-945.6866406692576
9046,-165.26281593869888
9047,-895.1368264632252
9048,-856.6823494309725
9049,-881.5412983743399
9050,-911.9599091315188
9051,-864.4144967439642
9052,-792.0806383442673
9053,-854.4936939357491
9054,-682.9501688051678
9055,-697.1533182370349
9056,-788.7674590274114
9057,-833.8333260992848
9058,-828.0616100542447
9059,-786.3617124029083
9060,-797.6174949246922
9061,-648.3344998997014
9062,-794.7813897493024
9063,-784.8088822888479
9064,-829.422167299062
9065,-233.49976349347486
9066,-842.2585096906893
9067,-800.8933422079324
9068,-793.2183760443628
9069,-845.7163135236646
9070,-838.2900948605804
9071,-817.7697329366006
9072,-813.2261328041163
9073,-746.1527164002345
9074,-270.4806714853611
9075,-745.5539644724898
9076,-750.133267495032
9077,-801.8779203479047
9078,-784.6550340700402
9079,-816.6288300077267
9080,-720.9852310781062
9081,-753.5127773702355
9082,-740.628099796108
9083,-763.4726887454058
9084,-728.8729566102245
9085,-270.0975598254734
9086,-713.2549509006716
9087,-769.0434650117803
9088,-754.0963867562779
9089,-181.45787045754403
9090,-766.990035434368
9091,-733.4120968390163
9092,-112.83547470692292
9093,-767.8126240594997
9094,-217.07033401427918
9095,-817.1286021475305
9096,-138.0550778325249
9097,-798.8123552008368
9098,-793.7091079497951
9099,-779.3443148999058
9100,-786.9790032932808
9101,-846.309561752679
9102,-787.6958694643566
9103,-777.8866184729717
9104,-794.4335999427451
9105,-809.8489608110093
9106,-831.2048732241168
9107,-804.9372873049598
9108,-144.83883962486496
9109,-799.9955514517792
9110,-776.0598599407617
9111,-155.10570799396146
9112,-763.4557522365567
9113,-767.845689079033
9114,-786.9283416230907
9115,-764.4802824307089
9116,-791.3725866991839
9117,-824.3686140566748
9118,-815.3487919536695
9119,-145.76564458752614
9120,-830.247428072854
9121,-269.3570872108096
9122,-794.4958607913595
9123,-146.46922501256117
9124,-830.377681837609
9125,-792.631008211177
9126,-131.8865601344003
9127,-139.49227139623306
9128,-433.70252528936544
9129,-860.3033537657398
9130,-856.3154533187393
9131,-817.2472618086426
9132,-838.8864428803126
9133,-831.978654705455
9134,-841.5247381935583
9135,-843.9065561066286
9136,-844.0579082710561
9137,-844.2801821254714
9138,-299.6373759195011
9139,-764.6825650037329
9140,-843.287486467965
9141,-329.8484859445078
9142,-861.3690104866552
9143,-927.6175371782693
9144,-876.5301797569539
9145,-984.5100025352078
9146,-935.4250273337062
9147,-984.9707952407773
9148,-865.3840476404238
9149,-119.23724587389725
9150,-966.2921850965952
9151,-1011.9450721014425
9152,-1022.6380092433681
9153,-946.8927228999834
9154,-977.7474026053245
9155,-960.2796983743779
9156,-880.8400103163684
9157,-899.4515021781382
9158,-156.1250963694219
9159,-971.9296984555016
9160,-968.5872442246941
9161,6.508873473176067
9162,-864.0259200111805
9163,-843.7860251383827
9164,-199.28404904022673
9165,-249.38885329864317
9166,-148.4547241200268
9167,-304.4707534467044
9168,-65.87680981492403
9169,-151.70888220942413
9170,-70.50102776100425
9171,-785.5153599669854
9172,-912.9383337855447
9173,-902.5885637643704
9174,-289.5390022335615
9175,-158.2819491375302
9176,-896.0448019335297
9177,-912.3002992794035
9178,-913.6434376808443
9179,-908.5603629931543
9180,-179.66828900325464
9181,-875.6478273182491
9182,-905.1555781532834
9183,-890.2555935107517
9184,-870.4016852353486
9185,-937.227457769608
9186,-143.2681634093076
9187,-832.9267148929607
9188,-876.9206709043192
9189,-142.25254827120207
9190,-831.6162570896045
9191,-928.7332782172145
9192,-907.0884014341013
9193,-76.23165854105842
9194,-923.8554206533266
9195,-947.0581293701209
9196,-158.93100592604475
9197,-899.969738525252
9198,-848.3449070390301
9199,-673.3726263830531
9200,-939.2893038970077
9201,-272.3641269901219
9202,-709.6551904692358
9203,-894.6520459295757
9204,-687.9231023797382
9205,-380.0783401516249
9206,-131.95315439932125
9207,-518.1303900280764
9208,-320.923605523956
9209,-931.479142808586
9210,-310.40713911423023
9211,-675.2573730589004
9212,-695.8081941131844
9213,-846.8385752287646
9214,-864.0515965868904
9215,-900.7167018481234
9216,-934.3211645319394
9217,-879.3773404144423
9218,-876.2008648319178
9219,-853.524692739925
9220,-947.4219957168494
9221,-162.30090541632416
9222,-849.4456522916068
9223,-807.2811328896393
9224,-219.67965212934476
9225,-258.65634448202593
9226,-910.9043503884185
9227,-947.3251799314485
9228,-420.93480163130283
9229,-1034.4842685347285
9230,-851.9680990769837
9231,-389.6623191140079
9232,-892.4225711055135
9233,-403.0031831265475
9234,-188.34250149995663
9235,-939.2810405306375
9236,-965.0552055677764
9237,-880.3170449194263
9238,-909.8851514139207
9239,-187.8550280338591
9240,-635.0455961697481
9241,-352.54033408439176
9242,-982.3970088310332
9243,-1053.9275269238387
9244,-874.3774607033025
9245,-969.6848835610143
9246,-777.4901528905801
9247,-957.1245853968735
9248,-537.2950853059675
9249,-177.29811281623267
9250,-920.3180212256071
9251,-163.36710189560128
9252,-988.6798584420436
9253,-99.55061385312463
9254,-93.98527186280651
9255,-944.9561366023886
9256,-828.3444339059955
9257,-98.96860548893265
9258,-192.5520613497608
9259,-427.0640251989263
9260,-268.2350273460594
9261,-805.9699726087176
9262,-219.31839010712693
9263,-205.51123867505038
9264,-844.2886870315996
9265,-150.67910266328596
9266,-123.67925417494754
9267,-894.113834131768
9268,-82.75701501147867
9269,-83.32252724572307
9270,-68.40058166904588
9271,-501.8621372449739
9272,-715.064471799161
9273,-798.94877462823
9274,-90.79388615630123
9275,-780.0779572606735
9276,-99.60126382993754
9277,-126.21617196265423
9278,-97.77513110037887
9279,-598.947531064151
9280,-800.7266201937191
9281,-449.92818454343325
9282,-194.59750941159857
9283,-376.16084183672575
9284,-812.8479789286712
9285,-408.0713263497551
9286,-771.6508852215146
9287,-810.5085183915288
9288,-833.7970233836252
9289,-700.8661732989553
9290,-826.0942489149546
9291,-180.32207652298567
9292,-772.2482600324641
9293,-779.7664584616767
9294,-783.381810157857
9295,-783.898868603354
9296,-770.5873294611482
9297,-784.7975839027429
9298,-415.76680728214984
9299,-797.4843563648668
9300,-300.7888774217081
9301,-779.5492266687642
9302,-768.2485842579347
9303,-720.5941931159481
9304,-732.1154617869189
9305,-559.8235571227542
9306,-113.75985708680435
9307,-495.0075602541881
9308,-787.3262716987963
9309,-757.137362618642
9310,-731.8097547227941
9311,-476.60564150249235
9312,-576.1807190821085
9313,-519.6925675874924
9314,-793.0630891582865
9315,-815.4009903679577
9316,-743.0580561029637
9317,-711.9831447201744
9318,-726.626046291035
9319,-674.070195003076
9320,-350.10346275085107
9321,-518.2457233009054
9322,-749.2997128863428
9323,-141.6117187144513
9324,-503.93728344628
9325,-684.8868588020041
9326,-621.5750121688943
9327,-627.0002130655355
9328,-704.4940069618668
9329,-517.0603967581781
9330,-242.11241076092048
9331,-698.7252302818662
9332,-174.05052236946156
9333,-658.9416735130882
9334,-251.62728315947712
9335,-182.2489619044364
9336,-561.7038086182826
9337,-294.12882877948493
9338,-582.9285890620374
9339,-164.50842596453722
9340,-524.2035296696017
9341,-488.66699675236725
9342,-207.14752957621133
9343,-564.4559834831385
9344,-631.8264768391845
9345,-486.5673665654953
9346,-289.4711083128214
9347,-623.071989933956
9348,-668.7777626888582
9349,-265.65113582836966
9350,-336.0652957898776
9351,-521.4234636068546
9352,-588.8175920310764
9353,-454.5218810366393
9354,-385.4219977536409
9355,-339.5418454939756
9356,-414.70940945913685
9357,-782.0839581584852
9358,-420.271563241227
9359,-109.12623910256801
9360,-462.6820343690403
9361,-664.4363411168147
9362,-596.7247588209544
9363,-860.2095642313772
9364,-702.7061159987194
9365,-885.874566817975
9366,-456.5155831515732
9367,-832.7613130548974
9368,-288.54430099575546
9369,-817.0598864946581
9370,-512.7836214796228
9371,-383.29662187252603
9372,-673.540863660474
9373,-386.2073311297279
9374,-529.4457922574438
9375,-494.5308695403294
9376,-747.8763737968216
9377,-607.3355598798909
9378,-660.6517742155818
9379,-585.355638803849
9380,-37.331695075777745
9381,-570.8612920786483
9382,-115.91562069241945
9383,-567.4136510374826
9384,-22.76747245571096
9385,-338.2343218404513
9386,-160.54908559062707
9387,-14.581421735291784
9388,-232.14303229421142
9389,-296.70406123601254
9390,-603.5782835338323
9391,-85.21270074328524
9392,-85.52573283956653
9393,-589.912918385079
9394,-577.6581180231774
9395,-43.1634938788481
9396,-540.1487066438424
9397,-512.5080881766455
9398,-439.29126077197276
9399,-506.810595667696
9400,-585.2822764580352
9401,-584.5456278545774
9402,-523.1521979400545
9403,-40.43973780657291
9404,-494.5632374165695
9405,-496.7098716357745
9406,-517.1545528320906
9407,-510.1313406793957
9408,-121.65979548059656
9409,-498.98468993673146
9410,-93.04288024979246
9411,-189.92331542510289
9412,-145.92874701611987
9413,-476.94467172662075
9414,-122.09319357928388
9415,-133.55492047038717
9416,-127.81050183660618
9417,-81.28888090157808
9418,-129.34771425302517
9419,-538.3327364426074
9420,-505.6357040691321
9421,-590.353689047412
9422,-139.103315521445
9423,-603.107260215681
9424,-734.9281027715894
9425,-119.98049840774462
9426,-119.53278971894677
9427,-321.0482450854003
9428,-702.1453841450776
9429,-77.29263123207274
9430,-95.49348626433152
9431,-93.90151185374795
9432,-129.29993979783873
9433,-106.41050193483304
9434,-144.30324202990715
9435,-761.6695629159822
9436,-450.8440922258372
9437,-824.9519043891524
9438,-136.8272682982582
9439,-500.4597789361925
9440,-101.5883758688608
9441,-215.567148396686
9442,-199.89572866682707
9443,-129.95611664202139
9444,-759.3795301960905
9445,-778.827898300929
9446,-95.49537303746537
9447,-77.64832533697773
9448,-82.18455760681815
9449,-536.64309325481
9450,-73.00669754603182
9451,-87.73015422449483
9452,-77.78240716938711
9453,-125.15610749910451
9454,-385.9744494304213
9455,-231.63747811259614
9456,-508.23354750995605
9457,-39.36896057461658
9458,-238.04117325969344
9459,-86.74373319356958
9460,-690.818342877062
9461,-89.32707623959215
9462,-57.30404768587907
9463,-119.93759842668939
9464,0.740585609190461
9465,-23.720587238496364
9466,-62.168708594557415
9467,-13.592257744820216
9468,-95.02616887369811
9469,-319.70891575144293
9470,21.65714076600395
9471,-58.63037268791712
9472,-485.1255975527341
9473,23.42242404169002
9474,-465.0688591464222
9475,-431.63584992801884
9476,-2.9474251077948708
9477,1.8233986317927986
9478,26.464108758123245
9479,-155.64822714744906
9480,-11.14333607896684
9481,-308.057958208668
9482,-60.879624466030734
9483,-29.61046025312946
9484,235.2237401811298
9485,-445.76366449738765
9486,243.91778737466979
9487,-389.18026520821394
9488,-22.299374244234798
9489,27.472039014486143
9490,-367.65712118009014
9491,-238.9322754088998
9492,-3.809743636326516
9493,-409.7599102874041
9494,-261.5559493809342
9495,-501.90588870452217
9496,-257.62541592221197
9497,-456.72425440644093
9498,-214.77551701689268
9499,-376.86962887135985
9500,-486.28584685200195
9501,-438.8190845191078
9502,-471.0069346992414
9503,-538.1037422302079
9504,-795.7221498200427
9505,-30.50404699533017
9506,-445.9999754837972
9507,-36.55652499279461
9508,-537.935232738684
9509,-224.84813597973502
9510,-795.971150562747
9511,-678.5102164886808
9512,-847.1140006544218
9513,-387.4848051590474
9514,-190.4667448031552
9515,-62.68103575082248
9516,-861.7722090113812
9517,-66.3324067773794
9518,-195.07532105753629
9519,-447.280875545842
9520,-74.52608697085606
9521,-66.37657244328258
9522,-43.511713733258645
9523,-63.09865928312783
9524,-807.3437754804182
9525,-568.3896838531651
9526,21.011153151358343
9527,-370.4044376593453
9528,-393.3525409702294
9529,-40.21309145495519
9530,-80.08797856896355
9531,-4.076210378169392
9532,-72.7119051153071
9533,-478.823631475572
9534,-6.959330098728529
9535,-253.82679998339606
9536,-405.3177406588804
9537,-393.69368564786964
9538,-214.26522531129822
9539,-362.889724473608
9540,-284.43641109086957
9541,-604.0331365630386
9542,-370.12862532506347
9543,-236.29288156245622
9544,-352.57042230006425
9545,-450.38296591113084
9546,-334.18889063303567
9547,-397.67215024652074
9548,-311.8296341365926
9549,-294.49853590870674
9550,-269.6847417589624
9551,-289.48483697495
9552,-300.2782060478262
9553,-254.0966322404867
9554,14.532975095742643
9555,-318.0155316781992
9556,-228.41751415596664
9557,-435.709980520564
9558,-322.73823704142086
9559,-814.4929252828271
9560,-981.1716867679777
9561,-255.21597610540965
9562,-935.7519078766212
9563,-376.89860740032407
9564,-664.1659051239543
9565,-615.0528675674547
9566,-51.60620502208191
9567,-334.7744274706071
9568,-700.8974161213281
9569,-295.8684888723808
9570,-199.09795167721035
9571,-31.231426008408818
9572,-371.91233546309707
9573,-781.2028841216634
9574,-591.7148565598283
9575,-345.78423946069154
9576,-343.88970619902653
9577,-980.9385111951799
9578,-31.31563096921792
9579,-174.65893860773758
9580,-738.1951706787817
9581,-179.0630982819864
9582,-324.3655354219843
9583,-159.42791176268872
9584,-340.8533775331243
9585,-465.8101711578518
9586,-367.76097573783613
9587,-323.1811394923321
9588,-764.8955222875496
9589,-414.2629813152042
9590,-389.49993484714065
9591,-50.50644738252744
9592,-368.95617702276735
9593,-401.7446200177749
9594,-391.12567688883627
9595,-451.5770767882462
9596,-797.484513032186
9597,-724.7142522128222
9598,-774.4690270242824
9599,-424.70499199543457
9600,-397.44745937069234
9601,-198.61821797872187
9602,-520.7861640286798
9603,-467.42259483152566
9604,43.08439926321273
9605,-981.3054106641255
9606,-379.7433080603295
9607,-358.62372450593585
9608,-27.95862915602477
9609,-870.2206063289657
9610,-66.44672139435438
9611,-415.3780030513325
9612,-948.8803036705317
9613,-381.06054822190515
9614,-879.6294463786448
9615,-375.813441954872
9616,-153.4925148547175
9617,-93.42638954635338
9618,-57.3411403830346
9619,-993.2527994713275
9620,-532.9794812588555
9621,-86.33327303123541
9622,-265.07782935741886
9623,-914.9137643675239
9624,-32.532740970721576
9625,-402.9939081762852
9626,-671.2975092169079
9627,-433.4472723344694
9628,-797.3986953381627
9629,-846.7255027356281
9630,-597.6503329142843
9631,-90.21915269886986
9632,-563.1007032187584
9633,-762.3600321519725
9634,-809.747826653779
9635,-683.9735126186313
9636,-946.2580441302143
9637,-507.14977663360116
9638,-180.29450654939885
9639,-92.37091463148487
9640,-321.59788353771756
9641,-613.1821951377003
9642,-150.42777801750458
9643,-633.9046953338118
9644,-39.702806477191444
9645,-151.90296780703102
9646,-744.2064831899864
9647,-837.426778773619
9648,-885.2151743436699
9649,-745.8711750066107
9650,-753.4701520819383
9651,-23.10085894210249
9652,-867.2929637763249
9653,-871.606103106925
9654,-449.8828161733023
9655,-583.4630587464621
9656,-283.30718123692213
9657,-883.1672827867619
9658,-887.7553060706404
9659,-63.59737837771406
9660,-931.4887086541322
9661,-27.837346038250573
9662,-128.1866720450205
9663,-838.7199207778195
9664,-877.8018933190807
9665,-370.7845396577674
9666,-891.2191905482756
9667,-476.64065678123495
9668,-723.5822087377276
9669,-672.1998618294081
9670,-680.228077998667
9671,-279.29875288837366
9672,-580.9222405145782
9673,-398.0818857390437
9674,-753.3599471189565
9675,-719.6433102855594
9676,-501.8414103297606
9677,-590.6410967330386
9678,-734.1818186187943
9679,-910.0674591088358
9680,-700.7139010121767
9681,-598.87273435344
9682,-613.8968881030671
9683,-585.8624545879471
9684,-573.7337330628374
9685,-815.4720631063695
9686,-830.0817528231365
9687,-810.5786581025823
9688,-803.6740231975082
9689,-699.2241809156598
9690,-598.3660497412454
9691,-733.4952039307161
9692,-594.9079745354857
9693,-711.3820438070678
9694,-815.2183953771564
9695,-650.1349479066986
9696,-623.4564889675264
9697,-426.76544255716624
9698,-406.54058763940117
9699,-212.65621295479525
9700,-209.78450580819614
9701,-101.99899894343505
9702,-647.608804036012
9703,-146.4408858210085
9704,-149.09997207144275
9705,-182.15899710087223
9706,-90.16710744420199
9707,-872.2679728442124
9708,-445.35567334453975
9709,-180.4568207623588
9710,-586.2553389881375
9711,-607.9100534788266
9712,-175.5958193263067
9713,-169.24634563395105
9714,-166.11796983164749
9715,-328.0685055105281
9716,-174.107785458879
9717,-589.7924934447237
9718,-241.07921325531967
9719,-539.5204242086802
9720,-622.9895338540863
9721,-543.8326629469464
9722,-663.5566598155929
9723,-494.9890076666843
9724,-536.9727416628714
9725,-556.4357244198636
9726,-143.60035277426297
9727,-627.6378490159036
9728,-699.9190623702269
9729,-465.9096581624315
9730,-671.5980692319006
9731,-534.6348423527268
9732,-620.8660099565772
9733,-577.7781951899888
9734,-476.88942217748456
9735,-572.0586545710764
9736,-634.8033186834746
9737,-742.0491875858748
9738,-800.1519605938486
9739,-632.0472766856208
9740,-278.9172853576292
9741,-586.2108870990492
9742,-666.0989479374771
9743,-723.0221856150865
9744,-569.150113786176
9745,-747.3046432628673
9746,-539.8790167721511
9747,-621.1982717099053
9748,-731.0772903188317
9749,-613.7169976668437
9750,-628.7246233311191
9751,-717.7711022573129
9752,-591.5174279557572
9753,-581.0256787824782
9754,-636.2855042971821
9755,-661.1018281358735
9756,-523.9242509912989
9757,-547.0597438299462
9758,-658.8545003828833
9759,-687.9206943910888
9760,-492.0088125325016
9761,-637.0333246191676
9762,-623.2295151391331
9763,-584.5043074519555
9764,-613.1170914553883
9765,-775.3443228019559
9766,-684.6500976224338
9767,-489.1387130280976
9768,-655.8841046300095
9769,-487.70208572774425
9770,-459.36955183670705
9771,-443.7171851299392
9772,-648.8183411185022
9773,-346.7366799886912
9774,-424.6209472362818
9775,-852.0365806973456
9776,-554.382147143076
9777,-421.45134036399736
9778,-549.232987640318
9779,-394.3584771771657
9780,-632.6834880759083
9781,-498.8446973806805
9782,-666.009134539883
9783,-616.8351212059472
9784,-693.0575451767397
9785,-348.19850385139057
9786,-100.60482002827254
9787,-423.5188058240118
9788,-472.7813662766511
9789,-476.35531262083583
9790,-563.5328355841834
9791,-460.4416692072129
9792,-478.50999459908115
9793,-437.5079223033098
9794,-627.5358772188528
9795,-548.7490439170869
9796,-392.18745649913075
9797,-769.1069231936832
9798,-372.95630834975304
9799,-604.747601479815
9800,-536.6459403932176
9801,-372.2207248299903
9802,-741.3296092575745
9803,-395.36764184226627
9804,-425.5085788760063
9805,-432.58316836254505
9806,-424.48389598954503
9807,-624.28914498875
9808,-632.9299378785082
9809,-706.2762113411801
9810,-459.85642909095264
9811,-684.667001036918
9812,-798.9408110540359
9813,-744.6320622944149
9814,-56.24931885983955
9815,-641.8566080650721
9816,-809.4627870761801
9817,-115.0361709715239
9818,-367.5988436445649
9819,-44.08894314922337
9820,-351.22026414281254
9821,-390.9971209303291
9822,-422.14048594775613
9823,-173.23027890845057
9824,-363.1916397013158
9825,-725.7738792529786
9826,-59.10455258379946
9827,-48.55804828672406
9828,-364.2277986318884
9829,-551.8671837169211
9830,-440.07769091916595
9831,-475.87810945927896
9832,-59.69864730907137
9833,-115.2526583205705
9834,-375.6943481581312
9835,-346.0370963333946
9836,-738.6875002817551
9837,-701.0804242346469
9838,-344.7139106568553
9839,-344.2524024677633
9840,-364.73809561786027
9841,-662.0832927748434
9842,-540.3098631287812
9843,-88.70002214964848
9844,-488.79918707156884
9845,-345.33705982635934
9846,-21.00617378756653
9847,-439.1903058554307
9848,-458.5517647482744
9849,-394.7568824159482
9850,-648.4801845919341
9851,-370.1085450777467
9852,-566.9210671772241
9853,-331.174803460681
9854,-481.9050168562793
9855,-153.13639803904425
9856,-352.84722301489415
9857,-24.90568222349536
9858,-49.02395829054531
9859,-312.30038612429496
9860,-354.3854632213755
9861,-353.05863210981425
9862,-354.92672814228945
9863,-57.452810240269145
9864,-423.0835622576068
9865,-599.8372827193592
9866,-361.7208029517109
9867,-370.0825882516608
9868,-592.997992431458
9869,-149.54528300654061
9870,-67.68828800852842
9871,-584.1219548743535
9872,-815.0184426604595
9873,-773.8338486115651
9874,-331.25777485630886
9875,-681.7746280218922
9876,-307.1410700327885
9877,-409.7893712490825
9878,-275.4879695593398
9879,-394.0465421855524
9880,-117.50613016040337
9881,-689.6419018549092
9882,-670.9089803744189
9883,-655.9977475110186
9884,-502.8683174518276
9885,-643.8609410541359
9886,-696.5503126241742
9887,-775.9319853333699
9888,-426.19658712124885
9889,-784.5774801501221
9890,-701.2259376271088
9891,-781.7835297219204
9892,-174.45204554022854
9893,-785.8954649546631
9894,-759.1242733294415
9895,-354.7404302256226
9896,-746.4410300118451
9897,-730.0325247354023
9898,-680.0590240484762
9899,-262.9546532355911
9900,-250.13547928576736
9901,-627.6796169840065
9902,-647.5470354279496
9903,-718.55557919767
9904,-437.898373270033
9905,-601.3313127009959
9906,-233.3735632240014
9907,-237.07183425951382
9908,-226.61247267371618
9909,-618.1901301554166
9910,-630.6381553774007
9911,-583.9770258014655
9912,-503.1764626366471
9913,-615.6558275635234
9914,-702.7938085109182
9915,-631.451434774606
9916,-412.7804308686986
9917,-489.878748424753
9918,-633.0933608317913
9919,-277.20721955549345
9920,-636.0293153145574
9921,-250.0099788054098
9922,-249.34653356889797
9923,-595.7174840613096
9924,-302.5350566243819
9925,-350.44995798391767
9926,-709.9295814045572
9927,-450.9513924052767
9928,-711.934330504069
9929,-273.576202277023
9930,-309.81410349182164
9931,-754.9439117788586
9932,-319.4368232199515
9933,-289.5210712713497
9934,-613.5807128055795
9935,-407.2050870663081
9936,-274.71257275633445
9937,-581.2908221811338
9938,-735.5122000221213
9939,-372.8833578170855
9940,-665.7818911924829
9941,-729.9152697856204
9942,-707.393527130644
9943,-630.8476612034107
9944,-383.89262314565286
9945,-603.3114119245504
9946,-639.9166189959792
9947,-241.4317461106642
9948,-421.1982347989435
9949,-745.1465021208437
9950,-249.7736919766859
9951,-470.13529002653263
9952,-288.6281651478996
9953,-710.4742867601202
9954,-695.7231691842396
9955,-757.7592582380233
9956,-751.4709771025705
9957,-488.00693527963233
9958,-429.5131992555997
9959,-805.5724894330489
9960,-528.8389276688872
9961,-249.41746929589792
9962,-761.4317317337982
9963,-372.7472282526229
9964,-423.2932647895743
9965,-565.8536735926002
9966,-653.0876373587236
9967,-727.7247239001578
9968,-487.13259508654437
9969,-743.716909201395
9970,-657.7441699997592
9971,-614.475550741571
9972,-305.8300980930485
9973,-583.0678094793839
9974,-414.28435911603134
9975,-562.7846960735865
9976,-427.7502853732224
9977,-567.5284959155396
9978,-318.919839391672
9979,-294.34484474289934
9980,-666.6911283247659
9981,-550.8299885848088
9982,-487.1307841524932
9983,-590.9378908792394
9984,-518.5012104670678
9985,-352.8028703013879
9986,-602.9255421087189
9987,-243.16072857938562
9988,-394.3328166864601
9989,-370.31603685749457
9990,-492.4042165083859
9991,-360.90009506319547
9992,-549.8625345708053
9993,-552.7444211672197
9994,-347.72929213905115
9995,-487.4094113647067
9996,-766.7602099562039
9997,-593.6661228523585
9998,-378.22382693944206
9999,-381.9199843723853
10000,-263.0964488613705
10001,-572.459153947266
10002,-376.10576471667315
10003,-508.32125149387844
10004,-562.8517493200426
10005,-518.1446351078578
10006,-508.98779265594794
10007,-522.1507142694867
10008,-491.99566956271116
10009,-562.8980651672539
10010,-518.1827200510338
10011,-552.607269877692
10012,-485.21315762409375
10013,-360.72300258097766
10014,-361.2145363310088
10015,-512.319199409176
10016,-352.5960956486201
10017,-516.051211149641
10018,-504.05269147501383
10019,-541.2695377928561
10020,-368.51808919800135
10021,-504.188721832331
10022,-564.5270455530333
10023,-510.50632379719184
10024,-591.9332247879579
10025,-325.34571942662535
10026,-278.21494016344855
10027,-707.3033644831685
10028,-503.3891390774664
10029,-706.657326116535
10030,-478.1619457199972
10031,-481.320290682637
10032,-442.40552531338346
10033,-285.5961497371219
10034,-235.1769376341153
10035,-530.9970020015173
10036,-274.2269809461284
10037,-296.1456978748154
10038,-290.57724614766084
10039,-259.5287656726739
10040,-482.71044465823115
10041,-526.4095385312469
10042,-374.9516566797789
10043,-337.74393922255865
10044,-292.20715879511425
10045,-545.5868791495216
10046,-522.9452585596694
10047,-435.33128982904185
10048,-489.5828215548791
10049,-329.8017071266074
10050,-308.37196658363695
10051,-328.14392989068375
10052,-341.00505267992844
10053,-391.84243147672055
10054,-476.0734067331404
10055,-559.6779293449858
10056,-493.92277491404536
10057,-305.2116230539366
10058,-346.0521453208489
10059,-484.5438904405825
10060,-936.497669436735
10061,-438.5879196509753
10062,-518.1181288444806
10063,-487.6461965710577
10064,-322.23915737987863
10065,-468.97463389927805
10066,-302.3358840683643
10067,-463.89087078004343
10068,-491.7040208005734
10069,-255.53847906953186
10070,-552.2237337882418
10071,-300.5891252505684
10072,-355.9698348921918
10073,-496.9930570678691
10074,-341.8155819586359
10075,-363.87493751114334
10076,-332.3222674147736
10077,-266.21553200138146
10078,-659.6872722740923
10079,-478.9450132572142
10080,-320.00051268635946
10081,-342.7440110645074
10082,-336.9222189549755
10083,-351.4572537052238
10084,-392.3057923762189
10085,-477.0456179423025
10086,-381.9687996313245
10087,-399.0825499956694
10088,-536.7146059113993
10089,-343.1091138822027
10090,-309.22576224870016
10091,-343.03477853518075
10092,-367.9260450656058
10093,-290.4608679027033
10094,-332.1667844567884
10095,-333.36749066695063
10096,-340.75445387317313
10097,-802.5032065117208
10098,-264.495943523689
10099,-561.4901340501838
10100,-505.0672206506544
10101,-527.4071206825539
10102,-344.8000405171481
10103,-301.46548230808867
10104,-319.8713719675559
10105,-448.63677970631136
10106,-324.0866628641486
10107,-405.62913206895314
10108,-284.00354903176054
10109,-302.65344929029516
10110,-362.6730912857015
10111,-337.4523734998735
10112,-299.450387741937
10113,-321.7834730026612
10114,-524.0696068419169
10115,-321.3083993088683
10116,-326.3180439051415
10117,-282.6853497882755
10118,-305.82182394033583
10119,-336.98681119154605
10120,-356.54293171820456
10121,-341.54715959706596
10122,-296.03896502724103
10123,-463.0431872054301
10124,-566.5117262341178
10125,-264.86061411715974
10126,-560.4069141698733
10127,-353.62482617946114
10128,-322.67009801240886
10129,-376.82305771035817
10130,-314.845147261968
10131,-597.3725034030593
10132,-356.55181893973526
10133,-349.9266099392416
10134,-332.77945134969474
10135,-343.5738602200255
10136,-548.8406396199889
10137,-368.7542450874651
10138,-349.1189936344995
10139,-383.04181948020005
10140,-330.33263259883313
10141,-372.3564848359627
10142,-421.6002756021466
10143,-344.13846890656714
10144,-372.01954320990654
10145,-313.0599839416426
10146,-347.2772200098224
10147,-409.07809017873495
10148,-307.5661693890495
10149,-552.7036850866602
10150,-363.81028286160165
10151,-322.0518681831727
10152,-524.6405773830384
10153,-341.06655855691906
10154,-314.62634425020815
10155,-367.36173594861367
10156,-557.3262856010435
10157,-331.0074535475261
10158,-525.3149006236838
10159,-304.82370338652333
10160,-354.4188376183303
10161,-365.671787528058
10162,-292.1624211716812
10163,-307.65360225360087
10164,-341.2908354811126
10165,-358.4514220353679
10166,-341.2463580461208
10167,-356.09166888107467
10168,-330.79464366606965
10169,-360.7801919063082
10170,-393.82319606847335
10171,-371.5696761122707
10172,-298.10113387573824
10173,-356.824574381342
10174,-305.3962698143946
10175,-522.6754553623293
10176,-321.09715554765563
10177,-385.91560797976945
10178,-377.22908843170626
10179,-350.70304617114596
10180,-365.6010893002222
10181,-349.1635012332375
10182,-620.3185437196358
10183,-394.42117144108846
10184,-584.215962358465
10185,-394.2969448244428
10186,-359.3810067299496
10187,-366.02093786456453
10188,-396.54722452412364
10189,-391.8302938462019
10190,-373.3148964842947
10191,-301.6924924729202
10192,-356.8939825719946
10193,-329.7049500847639
10194,-806.7366070376096
10195,-326.5246218870541
10196,-335.34504078195164
10197,-339.9993451344791
10198,-346.22290419134254
10199,-376.5286372323683
10200,-347.6435587458558
10201,-349.14282912969963
10202,-298.003688998278
10203,-357.6911754283326
10204,-414.28349221681407
10205,-398.4545974781685
10206,-294.97555789693786
10207,-350.44930764014146
10208,-366.3867229443029
10209,-447.63648204534593
10210,-394.3864751487558
10211,-358.4018206876994
10212,-370.44516646960284
10213,-362.8453630051658
10214,-382.483285348203
10215,-365.4252433602749
10216,-395.6132798001251
10217,-346.43597224518373
10218,-355.99786928007154
10219,-370.7682741771442
10220,-403.05219631038625
10221,-332.77001882515333
10222,-348.1916423289948
10223,-351.7021802780864
10224,-323.618194184067
10225,-358.2088139002776
10226,-371.78145385165885
10227,-378.0780759056016
10228,-347.74243838914344
10229,-385.2877160096382
10230,-364.90980282485424
10231,-281.5191468304603
10232,-444.9361658676768
10233,-340.19182941756776
10234,-278.15869193778354
10235,-385.36330225719155
10236,-374.73721212418775
10237,-340.49166876794186
10238,-344.719362364474
10239,-276.51535621887194
10240,-342.47619260117995
10241,-281.77863760288596
10242,-374.4803514527875
10243,-414.23827060475946
10244,-318.35696925813426
10245,-361.10822431681856
10246,-289.0907631558621
10247,-436.94098476074635
10248,-288.3336418046015
10249,-276.14796068215077
10250,-299.5187433821528
10251,-363.40877267209163
10252,-299.2102591220358
10253,-287.3053437209986
10254,-300.33746379670634
10255,-332.2341714475268
10256,-364.1775123006649
10257,-355.8458356502955
10258,-357.58357978455905
10259,-331.58548819544336
10260,-322.31818393471417
10261,-357.58087200667507
10262,-340.2009906408124
10263,-390.71414953695444
10264,-336.3400149561754
10265,-354.8078519002672
10266,-362.03507252782987
10267,-351.8763136592984
10268,-351.09331705106626
10269,-332.3863369990008
10270,-414.81540146575367
10271,-372.58131038945726
10272,-339.0520851556129
10273,-307.67513586012115
10274,-303.9670365994091
10275,-341.5645110644151
10276,-329.75489981894253
10277,-300.50395623233544
10278,-259.7925010266729
10279,-367.8421581183746
10280,-341.9572454245539
10281,-309.86856609567303
10282,-302.763497341785
10283,-269.1991919546082
10284,-314.695140106326
10285,-317.3149935925567
10286,-343.3913919856095
10287,-330.27349570896706
10288,-316.12807195432777
10289,-367.72685354458883
10290,-268.8691483883982
10291,-309.4660040895483
10292,-303.8127063190126
10293,-270.6324251363214
10294,-348.62164448839616
10295,-344.2960890224093
10296,-335.1496370085739
10297,-321.30009095010115
10298,-296.7961599257196
10299,-316.06677491318965
10300,-334.66531010044685
10301,-283.7753861152086
10302,-266.08666056788184
10303,-334.6734047842957
10304,-264.1431713862298
10305,-339.08725258872215
10306,-341.6656994454785
10307,-495.47522012264733
10308,-276.45832860624216
10309,-331.0641417272918
10310,-333.7800391349216
10311,-334.92162418624685
10312,-329.07482922308327
10313,-365.56680300594184
10314,-317.5001445386748
10315,-624.9245145314226
10316,-504.0403978499305
10317,-334.1050331480352
10318,-334.4152608855828
10319,-307.42990784026256
10320,-291.28431088516106
10321,-332.8371446307284
10322,-358.25073112504464
10323,-407.0563173777349
10324,-327.37463739522946
10325,-306.9211784897701
10326,-318.73125870225795
10327,-300.72989049843875
10328,-376.2173386717383
10329,-343.3676240509986
10330,-311.0576741421788
10331,-311.42056067114424
10332,-311.67718031055915
10333,-240.91035405360466
10334,-320.09344984844967
10335,-359.2034067569778
10336,-287.07342376952226
10337,-371.00175967573796
10338,-336.3978377705937
10339,-313.3062120039506
10340,-303.96285138024916
10341,-530.6427282689888
10342,-245.8574377513992
10343,-265.644265678165
10344,-279.99880552504214
10345,-282.4568025645053
10346,-299.449869974947
10347,-320.5748940754653
10348,-292.65795800631207
10349,-283.3597076037352
10350,-162.66966930146748
10351,-355.29301278074126
10352,-329.18105567628027
10353,-343.613126904202
10354,-293.9510634090448
10355,-252.14386780602158
10356,-257.084077231164
10357,-367.95729064326895
10358,-54.60675470396297
10359,-337.4220093918228
10360,-526.4001248129609
10361,-291.3729076250994
10362,-304.122898648076
10363,-359.4103221699227
10364,-326.7725238821879
10365,-288.93555924307657
10366,-326.76216318196526
10367,-318.61872708453393
10368,-362.05756123238564
10369,-351.92999421062075
10370,-303.82428742169463
10371,-383.40921726934425
10372,-345.04166666314643
10373,-198.56447432394657
10374,-361.8345342238274
10375,-352.14432563245356
10376,-349.8236829961584
10377,-359.7785200999958
10378,-288.11162580384735
10379,-360.3687633444646
10380,-368.672161522752
10381,-372.77865373676036
10382,-354.5779839995093
10383,-347.7852348048939
10384,-375.41221935421567
10385,-340.91645353077917
10386,-294.2502767621691
10387,-348.3319247082499
10388,-394.9928552823963
10389,-307.16608471830136
10390,-362.6755078985523
10391,-362.07973076573967
10392,-348.47189058042113
10393,-312.49690755835746
10394,-331.0607138230861
10395,-349.28458099334455
10396,-359.54217092620365
10397,-324.05410805654327
10398,-279.82415299912253
10399,-266.1821209233982
10400,-395.43754901483334
10401,-355.7345102950867
10402,-291.63335345801124
10403,-309.97834341128373
10404,-300.1243043627623
10405,-385.7447616839103
10406,-261.7651320090988
10407,-325.97011186049383
10408,-191.79156898831226
10409,-273.9227169274153
10410,-319.344361407462
10411,-353.47929600809834
10412,-300.5410770227344
10413,-303.87920570697406
10414,-369.40679264365923
10415,-288.47112711858404
10416,-303.84906130180707
10417,-250.72464029006431
10418,-327.2610697209668
10419,-290.07143151914283
10420,-56.88876776214198
10421,-365.2046339674235
10422,-260.9975637855292
10423,-329.6961799959445
10424,-342.8410863143916
10425,-487.63766331001057
10426,-332.0944466205136
10427,-546.357166132226
10428,-236.76321632266576
10429,-252.4993950755163
10430,-507.38705822953045
10431,-473.180094432429
10432,-468.7220305769958
10433,-460.29712288417613
10434,-305.2812267139209
10435,-512.6357966453772
10436,-513.6956524920024
10437,-304.3872399748674
10438,-320.07405846874576
10439,-403.4061183916088
10440,-343.21916243360215
10441,-489.05078566975607
10442,-512.4002549408725
10443,-240.64477467020944
10444,-440.350392647087
10445,-335.8561905140159
10446,-587.9081213163802
10447,-506.55597349133717
10448,-407.16093294698294
10449,-355.4146083387248
10450,-369.1665131969712
10451,-371.8985716797465
10452,-310.58583455792893
10453,-615.5939983248264
10454,-272.3407555364138
10455,-373.6831129207899
10456,-291.1136847116282
10457,-355.04834066108464
10458,-591.4269159682807
10459,-914.9874850520605
10460,-646.5925934267059
10461,-430.4247241736365
10462,-482.4197885245316
10463,-539.801215265321
10464,-576.9280009562972
10465,-747.1978533455901
10466,-143.8909998865838
10467,-29.342377003038123
10468,-446.11754422461047
10469,-459.016074869624
10470,-400.3446339087039
10471,-287.2307378364958
10472,-332.930597639452
10473,-196.99610881992908
10474,-328.2911725412158
10475,-380.07956331389875
10476,-375.35085923640435
10477,-516.0885672846703
10478,-277.2857061971051
10479,-378.08053495272804
10480,-699.0472028287617
10481,-568.1607517727039
10482,-317.69985931351937
10483,-359.93560650553064
10484,-402.66857234249824
10485,-430.8318258273341
10486,-288.7484295203676
10487,-326.38193908344545
10488,-256.4523407285865
10489,-436.91084976631856
10490,-267.2341851799241
10491,-372.84870203926323
10492,-207.02417085158527
10493,-205.8392095362613
10494,-197.13121304431786
10495,-233.52371691827614
10496,-352.37430974704404
10497,-379.55689081422406
10498,-250.86429892743416
10499,-217.68942800607016
10500,-307.54284108910304
10501,-349.96006390926544
10502,-291.13530350651
10503,-219.93257244582747
10504,-430.21617056082545
10505,-288.8132407830403
10506,-276.5728045182799
10507,-428.9098158784596
10508,-313.52698910907367
10509,-387.2264204409322
10510,-82.55768988844099
10511,-210.03174553067362
10512,-228.82732329844586
10513,-175.0537133949202
10514,-371.44893814024255
10515,-197.91777396090367
10516,-437.65705309682613
10517,-323.4846153543377
10518,-342.66963289416697
10519,-209.51671855671776
10520,-120.29087266630104
10521,-353.02637675296853
10522,-237.225740157318
10523,-202.22129197483687
10524,-217.80358264398484
10525,-255.8641974276701
10526,-314.7534017965302
10527,-254.81136691050207
10528,-363.51660487249893
10529,-334.40981568247736
10530,-244.23537132123167
10531,-362.0204681811634
10532,-251.79778912829988
10533,-321.30562807319797
10534,-299.4213603299023
10535,-332.18517578998575
10536,-204.22552189174496
10537,-476.4490285475502
10538,-356.52241318811883
10539,-293.2993667264829
10540,-459.1160762349555
10541,-371.8600899363897
10542,-398.28979476464997
10543,-329.3857585949298
10544,-361.1238420566279
10545,-768.3975681721682
10546,-635.9054895670363
10547,-428.709365901034
10548,-468.04405901130264
10549,-445.01491330295886
10550,-553.5147598293581
10551,-798.2233420097486
10552,-471.42576911325614
10553,-372.9871762176854
10554,-497.40463126684455
10555,-244.7857975874574
10556,-374.37622646220746
10557,-256.32587171115387
10558,-579.3350785294213
10559,-474.2760007785084
10560,-499.7173395617815
10561,-485.9428136445705
10562,-498.63625562688406
10563,-285.15651987203665
10564,-554.0020291171754
10565,-400.5556538937956
10566,-431.84505195889363
10567,-426.25972763650884
10568,-473.0469247061844
10569,-334.0161222562936
10570,-6.39455164082203
10571,-325.2470479886982
10572,-635.5515462486279
10573,-305.2201896230952
10574,-257.36357546802486
10575,-276.3697994158912
10576,-687.3016405853879
10577,-587.9098265155658
10578,-473.50827767404604
10579,-341.712551649679
10580,-576.563318489965
10581,-516.2320820765729
10582,-192.4672280568323
10583,-691.5602778245401
10584,-530.32697961082
10585,-446.39307295695016
10586,-547.8051481420055
10587,-570.529968400519
10588,-542.5589319179066
10589,-496.6605814465896
10590,-436.4891590314491
10591,-533.2323073046257
10592,-165.68490528427247
10593,-406.8731682673895
10594,-493.42292603991933
10595,-520.2594206314592
10596,-510.8567483563803
10597,-569.5217848114478
10598,-158.97253167965377
10599,-552.0335982095409
10600,-720.4407167109177
10601,-348.90015480185474
10602,-321.40918796156643
10603,-213.56316666904135
10604,-274.54439671656144
10605,-10.312239032674768
10606,-408.577792304665
10607,-172.20763673509092
10608,-534.6858348999998
10609,-648.5612631147345
10610,-250.7796194323008
10611,-530.8860616837126
10612,-228.40425541593078
10613,-269.1997713523713
10614,-190.2488373683156
10615,-518.7286257141977
10616,-199.40652609518438
10617,-527.0405314324205
10618,-548.725079029245
10619,-644.2287221899336
10620,-321.2717335798826
10621,-212.74163890743773
10622,-1072.0468252117223
10623,-269.2254820636569
10624,-334.18804364032985
10625,-282.9178342978647
10626,-303.19403350426563
10627,-1030.1814264431835
10628,-226.28004729599365
10629,-253.1366169260624
10630,-113.31268892921295
10631,-548.6151774214312
10632,-309.3258853759236
10633,-333.95276544742404
10634,-234.08004662574987
10635,-208.85939481173844
10636,-544.0362831187313
10637,-257.4879123293793
10638,-576.3042971192209
10639,-629.8036604582041
10640,-205.1813023450427
10641,-243.01880069064703
10642,-394.8973691178293
10643,-509.5588313976399
10644,-531.9711104637279
10645,-288.21879231519347
10646,-576.7585096382855
10647,-191.34037308129518
10648,-509.79163139942955
10649,-48.98001277587736
10650,-545.2236735662029
10651,-717.1672211116235
10652,-262.93596177896745
10653,-308.0155588397236
10654,-552.2013300063757
10655,-527.0770389698155
10656,-587.6939926070106
10657,-224.26730148725358
10658,-187.60164589095945
10659,-539.4750199100606
10660,-151.56581543183864
10661,-485.2741466906579
10662,-429.1931144091654
10663,-335.7814308478251
10664,-431.0464673481579
10665,-332.5123001248875
10666,-588.5864011199972
10667,-182.89063636034567
10668,-567.9046416418637
10669,-175.7247373264904
10670,-555.0977655671197
10671,-245.00303310448857
10672,-580.175791297737
10673,-574.3130817488413
10674,-206.4398638615405
10675,-508.68510295002545
10676,-298.3897970013252
10677,-235.41679343273006
10678,-226.1498119752818
10679,-210.4371701299313
10680,-294.0123753703992
10681,-568.1395733222714
10682,-209.0113167043842
10683,-511.87238074984884
10684,-122.66919448827197
10685,-541.9181400503139
10686,-203.75690123729444
10687,-210.49339775673252
10688,-459.07239240314783
10689,-199.8112275998911
10690,-601.8122805944827
10691,-182.48061520488284
10692,-576.570660281595
10693,-260.1313309246714
10694,-327.1130901401543
10695,-269.0217466887972
10696,-235.65222402025023
10697,-41.602753470193875
10698,-102.762965106374
10699,-175.90210634794863
10700,-166.75333432856758
10701,-224.02003204959823
10702,-171.8767334072105
10703,-169.56202096177515
10704,9.2487091594287
10705,-385.83539326386756
10706,-360.56441763127225
10707,-340.3959889733644
10708,-251.22073972693983
10709,-330.6186953089569
10710,-100.33376390670912
10711,-129.3946105683045
10712,-246.15185948691976
10713,-307.33138430371804
10714,-206.09135329411208
10715,-361.55391635144525
10716,-225.9455665980528
10717,-195.6844076123266
10718,-380.04988530467324
10719,-246.5079578742104
10720,-140.1916991891161
10721,-269.303010790606
10722,-212.16992620846167
10723,-279.0553552880075
10724,-279.8575739941532
10725,-115.48393107568054
10726,-398.4889790519169
10727,-314.0777725789026
10728,-327.7957709760144
10729,-37.342476664938246
10730,-227.32012688786324
10731,-324.2504120095143
10732,-251.10829064387525
10733,-17.33653947510882
10734,-365.635533214714
10735,-285.7640870669403
10736,-164.48141432718174
10737,-364.1392155975796
10738,-4.6530086924179415
10739,-317.47682878790766
10740,-305.63899743424
10741,-237.0812237441043
10742,-203.64005855975313
10743,-255.01913917383868
10744,-187.68158450818572
10745,-306.86978029248905
10746,-279.0901428006772
10747,-309.6384257089103
10748,-345.56277718270235
10749,-289.0186921811994
10750,-397.9222314648731
10751,-36.96165151328712
10752,-67.8142197342842
10753,-381.20956852661385
10754,-233.67668843939828
10755,-213.58780414308893
10756,-128.3058193354879
10757,-257.7885216255395
10758,-436.24675666420995
10759,-52.64700792022792
10760,-370.90094647154814
10761,-494.5998503558735
10762,-589.828481769574
10763,-317.07997069630994
10764,-121.58088818176245
10765,-286.9547519818878
10766,-275.5207361487601
10767,-320.5836306635415
10768,-325.5045083286617
10769,-222.252464213624
10770,-83.27649229187728
10771,-226.79206289697834
10772,-135.97515504470147
10773,-323.55462067711574
10774,-146.29509091042692
10775,-485.7852358098745
10776,-141.52736340836867
10777,-329.59713816610156
10778,-198.62231985402974
10779,-282.58394691078297
10780,-493.4259384090509
10781,-375.4338401538673
10782,-356.21201429698283
10783,-135.5257709577978
10784,-487.1678889760619
10785,-325.46419701778416
10786,-342.5020730426571
10787,-87.17595571411249
10788,-274.6990467248442
10789,-221.4838783835732
10790,-274.7277178023214
10791,-339.01426413703325
10792,-194.14571646004944
10793,-263.0815869854097
10794,-71.47107877400302
10795,-245.32079777202068
10796,-330.2397119774873
10797,-172.22937462182296
10798,-384.2324532314873
10799,-157.48732949418311
10800,-226.4425967860409
10801,-230.11686471708128
10802,-432.85848877795735
10803,-147.23838362475755
10804,-240.54712913986322
10805,-226.94421314627533
10806,-171.25832042009756
10807,-250.12681970329527
10808,-286.54748057959404
10809,-235.25083550461486
10810,-230.81690642116007
10811,-201.13111598824202
10812,-244.7025573060011
10813,-161.46518619544997
10814,-211.26732113170056
10815,-199.2471633376414
10816,-297.3262848274019
10817,-304.02481210688677
10818,-279.92662851237793
10819,-292.8264646578448
10820,-284.71368995194234
10821,-333.25157478827566
10822,-185.78182124120713
10823,-193.54276472382165
10824,-259.7983453066879
10825,-289.13016829712706
10826,-274.79546711143973
10827,-400.73415430253874
10828,-305.0149549945314
10829,-216.2464272566405
10830,-306.1233078102748
10831,-281.9640969599892
10832,-260.05072997395627
10833,-208.39577563685253
10834,-232.2106746584875
10835,-245.8639912485962
10836,-279.20991110264436
10837,-293.4129565790471
10838,-293.15524221274325
10839,-234.16409155843743
10840,-159.64821634454103
10841,-292.1327662656614
10842,-229.91610500415857
10843,-315.7921201609388
10844,-291.564345510619
10845,-358.38695954037786
10846,-213.5570175571499
10847,-220.1020173093237
10848,-312.99771691433523
10849,-309.97960869567385
10850,-242.37763659672825
10851,-208.86543852524687
10852,-297.65961202372006
10853,-315.6618954899476
10854,-226.570077770757
10855,-220.37979993946766
10856,-254.10406471397513
10857,-226.18842215731297
10858,-326.61424804171656
10859,-285.17995065378983
10860,-220.2793421407839
10861,-394.3935249635053
10862,-230.36401393898163
10863,-262.564675558903
10864,-222.68949832889132
10865,-242.53316568420405
10866,-369.4998359943588
10867,-282.1981790976914
10868,-210.6970724388767
10869,-303.8068932007843
10870,-320.6790796229353
10871,-303.8674758373504
10872,-324.0478033095572
10873,-249.17871492595674
10874,-273.70880579411306
10875,-305.41265227635705
10876,-277.52360559903366
10877,-320.1053611506133
10878,-287.99217219692116
10879,-287.05723098557064
10880,-326.1722111934546
10881,-205.90828695169984
10882,-287.1601933878145
10883,-190.515335869088
10884,-285.7158674509799
10885,-328.93801962609996
10886,-291.24638774063544
10887,-317.40587904897245
10888,-307.9882746611658
10889,-211.8830575356351
10890,-259.7254367954864
10891,-278.18906190443283
10892,-281.6668391583314
10893,-269.5961449257212
10894,-201.74579309782257
10895,-205.54724738364257
10896,-273.2027703946275
10897,-224.371548510115
10898,-275.11044193422737
10899,-292.8515126823223
10900,-231.9422538504229
10901,-330.51447265105327
10902,-288.2261544201024
10903,-264.78479795982184
10904,-295.1807635435021
10905,-315.3964603378622
10906,-193.2357342165992
10907,-339.4163381197394
10908,-251.92602264772023
10909,-291.2698579639978
10910,-334.3636543360059
10911,-279.0746571731627
10912,-242.36233672756964
10913,-179.12819648717192
10914,-336.40539170482026
10915,-273.2741868696204
10916,-278.2597464471294
10917,-223.9989247663558
10918,-246.13963146848255
10919,-324.13304269723307
10920,-290.03208382858145
10921,-210.29548565497464
10922,-334.7746854498904
10923,-261.13863793750807
10924,-320.1317436112066
10925,-373.3108290458275
10926,-310.8196379436841
10927,-340.92340618231907
10928,-246.61478081359604
10929,-272.61082919955265
10930,-237.2238088184153
10931,-300.35520159651594
10932,-138.1406508289092
10933,-271.20630414549737
10934,-231.1572931762752
10935,-201.82148205560526
10936,-285.0257613471596
10937,-206.04120048020076
10938,-285.6906769420349
10939,-296.6566978393014
10940,-145.8215625696921
10941,-270.10261578774316
10942,-300.405067107625
10943,-154.33884438978424
10944,-205.3931843480833
10945,-277.87105808560966
10946,-107.46269661694309
10947,-199.1249042603917
10948,-106.44047370168134
10949,-181.28855363353475
10950,-107.39995930420206
10951,-197.41416025784423
10952,-120.25244216240556
10953,-281.7737030335125
10954,-100.85397723350643
10955,-310.7496521946889
10956,-95.19322958679696
10957,-107.15572793521643
10958,-224.8178934245198
10959,-311.67147828135603
10960,-296.6479292470217
10961,-112.68565602701098
10962,-113.49890601835621
10963,-213.1095801338469
10964,-190.15475358425107
10965,-148.2399084771027
10966,-109.77063072181576
10967,-211.9221951758287
10968,-139.4417707786571
10969,-111.3399348594097
10970,-158.496243122344
10971,-301.8241037275714
10972,-145.6627978739243
10973,-111.71309209268469
10974,-91.31170255672828
10975,-91.01439792172907
10976,-120.79546178529627
10977,-306.8101434075709
10978,-119.2834921492664
10979,-124.57493914127816
10980,-136.96107754532684
10981,-191.15010224396565
10982,-82.15740196767275
10983,-120.98673927116224
10984,-114.2742953980553
10985,-131.03635972955428
10986,-170.5283783872258
10987,-303.47850589623124
10988,-235.31631736917754
10989,-202.0030792332021
10990,-109.01511403986483
10991,-114.309193888102
10992,-63.515431952353936
10993,-244.2513055000195
10994,-57.79817356181745
10995,-116.1799838963104
10996,-322.95391931285553
10997,-122.25234996274011
10998,-119.69269515386942
10999,-323.58269678330964
11000,-72.63290837062901
11001,-137.21067545166926
11002,-194.58627250592536
11003,-246.9956024257597
11004,-86.46895570657091
11005,-173.9376205738714
11006,-70.71918657366675
11007,-209.19607496107318
11008,-55.61564763815174
11009,-78.43418901292308
11010,-233.58047984929397
11011,-224.18952172185055
11012,-116.10360660436552
11013,-213.3889539561415
11014,-202.95868135922316
11015,-59.40187150293161
11016,-180.3520834152171
11017,-102.00022239030189
11018,-81.28245731025065
11019,-107.78986840386771
11020,-118.83739715352952
11021,-202.48959232322363
11022,-97.22530445714038
11023,-66.90866374036227
11024,-82.12580913567905
11025,-72.83777642462739
11026,-41.70921038176816
11027,-214.4052627994901
11028,-182.49846807680552
11029,-86.23326575879554
11030,-274.3566554661421
11031,-320.6644177798918
11032,-204.31031410594613
11033,-377.1824094653681
11034,-499.66840953640707
11035,-597.5843417678043
11036,-37.298281398073016
11037,-143.2176329680827
11038,-502.6665716004362
11039,-93.61721269287604
11040,-664.4378308571701
11041,-243.35398219768652
11042,-185.2785106228518
11043,-100.22492566316116
11044,-71.62047432457085
11045,-589.3660484811616
11046,-160.3427799708816
11047,-319.54070730901094
11048,-384.5692495768217
11049,-290.5669600234112
11050,-241.9192039757807
11051,-105.44008299972404
11052,-56.80472309134074
11053,-29.471223253262295
11054,-95.4419486231314
11055,195.20516778379852
11056,-24.119808179485588
11057,-281.9248982536176
11058,-69.90225490808197
11059,-286.53641001002126
11060,-294.908669672209
11061,-299.4625068833248
11062,-68.18239402168524
11063,-185.39952039710946
11064,-324.04719003430307
11065,-342.26387185525175
11066,-151.6648670328784
11067,-86.56013198042831
11068,-270.7829536449205
11069,-255.07853438770837
11070,-235.3979690291131
11071,-246.81813283266493
11072,-293.6689244152092
11073,-264.100805607844
11074,-295.0654497986036
11075,-267.14107336236475
11076,-163.06073692209168
11077,-572.0900835826142
11078,-428.2969478986173
11079,-418.32149624240924
11080,-437.02239718107813
11081,-199.06181990954357
11082,-179.36837093719905
11083,-469.8469954120729
11084,-189.07978512797655
11085,-251.9376810492125
11086,-331.2314206627084
11087,-269.75711458600426
11088,-202.47726943840138
11089,-110.58707548777514
11090,-172.1336292439716
11091,-150.27441578932425
11092,-195.53218985207212
11093,-226.44809334208867
11094,-140.11063743774773
11095,-160.62738164409447
11096,-288.36496005442416
11097,-132.65576290617062
11098,-280.7290060932521
11099,-255.9557641073239
11100,-229.38347899864715
11101,-318.40546029020686
11102,-373.07609287209846
11103,-217.1051109141259
11104,-287.85716296164566
11105,-237.6089384948736
11106,-245.9587105500443
11107,-263.74628512232243
11108,-231.20823416692068
11109,-220.96587963551363
11110,-414.74257698827347
11111,-245.89465382042115
11112,-379.9174213243077
11113,-359.8219592675389
11114,-243.715903429934
11115,-177.8003752592902
11116,-277.80627415364836
11117,-244.42123551424123
11118,-271.15996367271043
11119,-129.10921235923067
11120,-252.42666535185157
11121,-279.52625222382636
11122,-270.8882199640184
11123,-249.99624569048942
11124,-284.7548994523902
11125,-163.51861920060705
11126,-228.03021689099478
11127,-274.46672742659985
11128,-301.9706620998166
11129,-264.7654293040456
11130,-265.0539548083122
11131,-270.39969919426346
11132,-270.73410067726235
11133,-142.05959060252502
11134,-284.2941030023154
11135,-308.18308115209754
11136,-165.1306806244551
11137,2.6774789815764564
11138,-223.09865221324384
11139,-281.0205159492191
11140,-250.2718813597213
11141,-239.66361760067934
11142,-250.3596588474211
11143,-255.6462457447146
11144,-12.162400295488112
11145,-362.0573121438948
11146,-356.94106771565566
11147,-76.63820082914043
11148,12.091596390485222
11149,-223.5314806850935
11150,-314.6872801163695
11151,-218.21433202839626
11152,-38.7157198698319
11153,-194.12324630308382
11154,-200.04530885910097
11155,-259.57625666795553
11156,-294.12356302832876
11157,-58.38092614653384
11158,-311.19010278148335
11159,-125.93589367292739
11160,-224.02878823502664
11161,-195.72204879088886
11162,-217.6956592459409
11163,-188.13223260149758
11164,-300.92640383507893
11165,-206.31025394933516
11166,-277.4608029844668
11167,-85.98356725569428
11168,-100.41929992971404
11169,-219.24033483598845
11170,-218.83379122433269
11171,-260.8130100143333
11172,-284.9669765619851
11173,-279.3122768709559
11174,-271.0041274873042
11175,-204.3579040390931
11176,-201.09176583996123
11177,-226.18813494489274
11178,-266.0225798973278
11179,-317.8589511817265
11180,-218.7253446346216
11181,-292.8326273931561
11182,-256.9853732630211
11183,-124.73663986011383
11184,-231.27443531731913
11185,-255.92693103441266
11186,-315.4670047805529
11187,-123.61431640577685
11188,-296.2255345542392
11189,-298.6871419628633
11190,-293.6838612538927
11191,-312.41268138972555
11192,-225.8630407828449
11193,-59.24266939644386
11194,-269.23458970842694
11195,-241.73695510265915
11196,-234.14509694673018
11197,-168.16623006112644
11198,-268.78129107534403
11199,-60.752751477564615
11200,-239.82622328157063
11201,-288.4249003061648
11202,-165.58937490224824
11203,-203.5187812038726
11204,-161.98509459944546
11205,-165.71902832991253
11206,-236.6202062762088
11207,-71.10844010861112
11208,-215.46338352720647
11209,-223.04005771725195
11210,-235.547284449847
11211,-230.41172649400255
11212,-222.73623003810724
11213,-213.72874948669153
11214,-227.37498541938353
11215,-45.978539339209945
11216,-187.62383567942067
11217,-255.90933124051716
11218,-208.20036936181285
11219,-282.40862986686705
11220,-115.26445345013975
11221,-41.804416371184445
11222,-300.27231735605557
11223,-256.30215007104255
11224,-181.3135547619641
11225,-239.03735959938737
11226,-218.14064662389433
11227,-158.19991030119374
11228,216.8441588358713
11229,-19.400126791042666
11230,-74.34267577982672
11231,-195.47454172488398
11232,-211.0904762799209
11233,-250.58845117741782
11234,86.02743118320977
11235,-244.70508767449445
11236,-210.33801946848502
11237,-35.720773435297644
11238,-256.3293223935409
11239,-214.1814499373583
11240,-274.55191088183824
11241,-218.44351128950422
11242,-144.86810046753232
11243,-253.02244427915048
11244,-125.73948217095774
11245,-87.76508417362432
11246,-214.2598196209209
11247,-100.53980546880896
11248,-127.6659529072993
11249,-117.52451721037059
11250,-271.98855656106883
11251,-327.5741958373447
11252,-293.7829049243089
11253,-268.135254051535
11254,-257.21341484063873
11255,-336.50216567525956
11256,-123.06895179867712
11257,73.98377228295182
11258,-119.23037025541566
11259,-223.77626611359906
11260,-159.59847145568563
11261,-87.35410243956032
11262,-121.05003451912089
11263,-212.69016490335656
11264,-263.17799531518335
11265,-207.43279075051515
11266,-264.3725942231306
11267,251.9174318883492
11268,-181.52283808028542
11269,-313.6640417975128
11270,-63.5112495689939
11271,-97.1051601429201
11272,-179.46952820871695
11273,-228.39066813665568
11274,-608.2667632437264
11275,-222.01420487404602
11276,-441.38355259353364
11277,-21.109369609802332
11278,-166.56359739636355
11279,-70.85876912661418
11280,-78.8115359056016
11281,12.418655314033828
11282,-87.0736389974669
11283,-51.30040594762552
11284,-42.711180548653296
11285,-54.18774652733764
11286,-221.14696995790592
11287,-315.1826662447513
11288,-150.33279939892122
11289,-31.16554031792441
11290,-56.61870134717536
11291,-62.05272206346986
11292,-133.13716209957852
11293,-43.70995754270659
11294,-63.738340380157354
11295,-42.540511238236924
11296,-45.80971948065177
11297,-45.157378064090864
11298,-21.02701539011572
11299,-60.60598677303284
11300,-190.6504504813227
11301,-284.1389136835804
11302,-122.29920619382851
11303,-70.63913749468867
11304,23.432834498297098
11305,-70.39643997729786
11306,-173.23164259514272
11307,-120.92167207426877
11308,-210.79477168997823
11309,-83.30922619307873
11310,-108.88629912584815
11311,-328.3607059997829
11312,-207.0347121119625
11313,-195.25432465614443
11314,-157.20355209956642
11315,-109.51045701402751
11316,-44.47262200397783
11317,-0.8112233715878006
11318,-174.23991087955943
11319,-227.2126340059404
11320,-68.94959064420716
11321,-293.4548310740581
11322,-251.50734083615492
11323,-181.80444435543112
11324,-90.45076671258138
11325,-215.04191614523296
11326,-153.78832430365867
11327,-283.2466286399841
11328,-226.44234194563
11329,-226.59735236065802
11330,-182.62142427184355
11331,-199.6209825400286
11332,-284.16283844038713
11333,-226.24823706641695
11334,-284.0147414284735
11335,-263.8318914539137
11336,-186.16179552681612
11337,-335.00412326058665
11338,-214.00552938864033
11339,-235.54470194645356
11340,-150.70485431183508
11341,-79.55009617064965
11342,-251.47016456525833
11343,-89.94321854005929
11344,-231.9837945946974
11345,-73.49895137494359
11346,-236.1497053988064
11347,-194.09521763519825
11348,-200.8178705606566
11349,-208.27038756188014
11350,-64.95225339728376
11351,-111.27421314612212
11352,-45.13064927480648
11353,-92.40728738534204
11354,-166.27036992204148
11355,-588.1866618642614
11356,-209.8459232768553
11357,-208.16144599679063
11358,-260.87825662202874
11359,-65.99734330514269
11360,-189.78892517862857
11361,-69.39263612762844
11362,-110.34720139131124
11363,-124.05629113599352
11364,-88.29651975106572
11365,-82.00160077242768
11366,-98.2793517739442
11367,-253.50364347747382
11368,-167.6136814490519
11369,-54.40135559745619
11370,-136.83158097048369
11371,-181.42552648037054
11372,-41.16758071843638
11373,-254.27768544222525
11374,-70.36576457020921
11375,-186.20805235746272
11376,-145.03138051648094
11377,-25.761374468771194
11378,-156.3418825631983
11379,-245.0988005881626
11380,-209.23200107861132
11381,-179.16344701717918
11382,-175.71091670062833
11383,-129.63933599556185
11384,-166.61369652942437
11385,-166.4841760117995
11386,-242.96738956548185
11387,-197.25661586479976
11388,-60.79664722332141
11389,-678.175526256535
11390,-153.49667462748843
11391,-171.2759323127637
11392,-105.96042662366746
11393,-306.12440022317605
11394,-252.3385420969247
11395,-349.8014530589137
11396,-122.71338918441818
11397,-91.6485646898506
11398,-268.40988291521194
11399,-589.1985714400857
11400,-380.20590169401095
11401,-138.42260687172302
11402,-344.3807454798198
11403,-315.9079396608596
11404,-160.5353399676246
11405,-176.1589633929422
11406,-235.5905612153567
11407,-316.33771110300046
11408,-97.68733703885974
11409,-258.364125453325
11410,-271.6256524450928
11411,-99.17624642527315
11412,-92.5888784447057
11413,-114.63143441762983
11414,-161.89822006288517
11415,-485.926792832316
11416,-426.2216781472145
11417,-132.15577885814446
11418,-297.35307407235587
11419,-189.7747484197631
11420,-130.68051516045188
11421,-307.2690839615866
11422,-307.38392207644375
11423,-360.7238624283822
11424,-254.4928978026059
11425,-213.4630840254242
11426,-113.2818245867868
11427,-207.37199478016325
11428,-154.43606010967892
11429,-240.20737016228452
11430,-126.6295568544957
11431,-274.2100936273664
11432,-220.24580284824467
11433,-197.49707433838802
11434,-275.06534483667747
11435,-202.29251908376952
11436,-511.844111887925
11437,-265.5859073447413
11438,-238.3817662578912
11439,-197.0618288794158
11440,-236.85319450143575
11441,-144.88006276062805
11442,-226.44058992207056
11443,-390.85126761011367
11444,-271.0295012495832
11445,-217.12364013944958
11446,-88.79284888960339
11447,-207.94575600001292
11448,-359.0446719387183
11449,-180.67944246695572
11450,-273.11776984569883
11451,-170.64876533209883
11452,-279.20461671168914
11453,-136.95867670189347
11454,-241.93464110825084
11455,-228.37746809919582
11456,-94.81118509672334
11457,-129.19544752570533
11458,-219.27860789168906
11459,-173.4843649289705
11460,-267.37319782097165
11461,-309.32452514136986
11462,-237.35664884681722
11463,-485.2063366276354
11464,-245.98423596603408
11465,-219.21975813972915
11466,-243.03917400984454
11467,-157.40528884958218
11468,-266.23754998591664
11469,-491.9019112047331
11470,-229.47686573716905
11471,-320.17825252698754
11472,-48.50589483792782
11473,-149.58839641673498
11474,-125.79816011596695
11475,-142.79638451097097
11476,-164.2292633997851
11477,-155.25036877518718
11478,-260.28432531817384
11479,-128.8600392056551
11480,-214.0380338398598
11481,-143.92381813136032
11482,-220.55924732913104
11483,-589.1288318474656
11484,-90.74704729606101
11485,-394.51957491714785
11486,-251.85492185161704
11487,-609.2473394479973
11488,-25.89471287737183
11489,-98.74393182824159
11490,-88.96169211536207
11491,-473.7010459849581
11492,-581.1224616498314
11493,-176.02534227270598
11494,-87.11487507243574
11495,-256.7118412154042
11496,-443.5957032810844
11497,-120.55401567171594
11498,-117.61895026614239
11499,-98.62571305530004
11500,-134.9396958244012
11501,-321.36167236031406
11502,-249.00951374578364
11503,-207.70733716039175
11504,-151.14153455733648
11505,-296.2344528652244
11506,-172.94614310818042
11507,-171.9488849482374
11508,-184.0746227132719
11509,-210.06290422358092
11510,-232.2765128830283
11511,-221.65059548925834
11512,-309.0953223337906
11513,-188.59267388154143
11514,-100.55404966063817
11515,-80.57233507416224
11516,-163.22182559505708
11517,-132.48432471465918
11518,-255.76048738596958
11519,-331.8236403841235
11520,-266.6287297063558
11521,-622.8816267722254
11522,-296.78922816388814
11523,-200.8168013510714
11524,-89.95291937352235
11525,-199.32135263700062
11526,-293.10386027035065
11527,-255.10751215042248
11528,-223.37889213099652
11529,-281.293788648598
11530,-218.43153769620272
11531,-267.8617304721504
11532,-274.3754890064473
11533,-234.608729916022
11534,-209.4101299699957
11535,-266.6506278149722
11536,-328.0955251148657
11537,-302.7538658815341
11538,-252.22102785414748
11539,-365.14792594717517
11540,-299.05143908054015
11541,-376.91001372390065
11542,-283.8952672598
11543,-261.57327623698404
11544,-326.1808693792085
11545,-291.91017503675016
11546,-276.19849649065594
11547,-276.5207434780432
11548,-212.47971611574468
11549,-297.21887917615925
11550,-274.4124406139871
11551,-281.82204989977674
11552,-242.67530081384496
11553,-140.16094096841368
11554,-266.25570298063656
11555,-285.067385109007
11556,-294.3271505235761
11557,-273.14202661107043
11558,-266.87366075716284
11559,-300.4501221040796
11560,-369.153529391154
11561,-284.8787335590141
11562,-286.0904615380322
11563,-233.86080959164892
11564,-380.40576409972897
11565,-277.91648945575895
11566,-81.90113853760178
11567,-236.9293964755376
11568,-341.61906211448104
11569,-293.2989571484542
11570,-122.13925050237745
11571,-65.74106996551156
11572,-409.4785116111758
11573,-366.65991014659625
11574,-352.31583708410153
11575,-214.0780699990974
11576,-213.40868988826549
11577,-138.58134069378937
11578,-116.25841347320842
11579,-173.34124023204302
11580,-175.3880245589234
11581,-261.5224315112715
11582,-133.53723360771264
11583,-145.8854979785025
11584,-181.1523355584176
11585,-72.78928438507701
11586,-74.33841904848825
11587,-59.59902229209126
11588,-109.73373947082318
11589,-95.97009661008522
11590,-123.98370834258661
11591,-334.2022892672833
11592,-283.03871597674686
11593,-260.7846004460712
11594,-250.88361565280334
11595,-227.977990625503
11596,-184.12506337783068
11597,-125.23022456874591
11598,-112.0925697387464
11599,-111.72679145734882
11600,-40.86782112634379
11601,-128.4471434917213
11602,-367.5498189881838
11603,-347.95777169948326
11604,-369.1581093809739
11605,-56.513170783287286
11606,-171.01449604056984
11607,-100.62082001586057
11608,-228.09656680485844
11609,-51.20877626531438
11610,-121.66351370520043
11611,-142.930797484041
11612,-26.739061815418918
11613,-205.80296742862953
11614,-271.48140031780304
11615,-81.85521862360322
11616,-188.35146164854822
11617,-192.12887545976753
11618,-43.8356667244507
11619,-70.32532745503065
11620,-321.3287274592974
11621,-265.98982270261956
11622,-249.9132398960214
11623,-95.6231854916806
11624,-390.72750860012434
11625,-72.79433657437524
11626,-103.0951628856563
11627,-334.8130756764637
11628,-97.1076320541123
11629,-72.65644690243096
11630,-484.3536712394201
11631,-235.8928040889041
11632,-278.4197050024452
11633,-62.79327950072797
11634,-54.74727601989464
11635,-33.309712632554216
11636,-97.19307320963497
11637,-34.31115066056243
11638,16.936943879149975
11639,-260.2136412787778
11640,-276.8578293082577
11641,-276.03483232188415
11642,-341.36307299057114
11643,-283.93466738875236
11644,-198.5093599030331
11645,-57.33335554522565
11646,-47.189317905730604
11647,-54.99094837535575
11648,-266.7391523712939
11649,-64.08479538074002
11650,-261.0791680782989
11651,-128.4864810885691
11652,-15.126855753928584
11653,-65.72742365892354
11654,-287.99117170404816
11655,-198.49711109671938
11656,-215.9828621204033
11657,-27.812940794037484
11658,-326.52869690923285
11659,-229.32803276254492
11660,-99.21348927357411
11661,-55.52434504749095
11662,-95.37313883347511
11663,-59.9654735715469
11664,-246.95108700589378
11665,-35.730336468718725
11666,-169.83844351798433
11667,-177.05703417759665
11668,-109.11966541314808
11669,-52.09267414540483
11670,-257.14990841371184
11671,-356.7950868769291
11672,-76.58686011543976
11673,-29.01493632800259
11674,-230.41712427487337
11675,-64.89386797822586
11676,-30.894385839869052
11677,-65.25810533810471
11678,-37.86350124423728
11679,-13.97684699028401
11680,-42.79028442512186
11681,-282.15713505409735
11682,-90.15683371279084
11683,-36.127538114225345
11684,-38.486866897115185
11685,-129.12751869893393
11686,-313.08386317198136
11687,-73.66996934899406
11688,-28.023617008074083
11689,-147.63532434928908
11690,-506.57980354298957
11691,-729.0381055267861
11692,-64.72908324554086
11693,-672.8467745420811
11694,-245.4934432111656
11695,-22.143847148537212
11696,-226.59262459482105
11697,-28.603429567645957
11698,-57.37318430046042
11699,-34.3905065648935
11700,-38.45257801390071
11701,-225.98477911848897
11702,-47.39846174065546
11703,-286.26523943304335
11704,-184.78799875428825
11705,-254.87731084742268
11706,-218.45868298401268
11707,-132.7894742133317
11708,-218.48899189606897
11709,-179.93014696066672
11710,-165.85843705775468
11711,-165.01407510425625
11712,-3.397121639488744
11713,-182.6764559664555
11714,-216.23922826848
11715,-207.27920057881522
11716,-36.05188204671532
11717,-250.48552936890704
11718,-202.10557217797853
11719,-55.44427056479445
11720,-267.7636015036387
11721,-9.385293818290414
11722,-243.9914466590429
11723,-239.34983340963882
11724,-181.18113271256397
11725,-249.93932460461303
11726,-178.04076377696606
11727,-237.07750459809097
11728,-182.3541018955841
11729,-226.65510853852146
11730,-182.55279282500808
11731,-52.931083681082185
11732,-394.1607583723798
11733,-65.55425836134779
11734,-217.6858353241413
11735,-73.73842324578575
11736,-200.60800261833492
11737,-229.7950602656797
11738,-255.80031748917153
11739,-226.66565264240006
11740,-246.10226823212986
11741,-107.87217791111402
11742,-217.6725053527511
11743,-374.4481066720516
11744,-228.49944471722986
11745,-257.0211694019959
11746,-247.99695752305612
11747,-203.29339628044102
11748,-276.7013656951171
11749,-226.62444553153216
11750,-262.0269979450264
11751,-192.41005633500458
11752,-234.59882355735903
11753,-223.5995822331073
11754,-257.082544813618
11755,-209.1376568415135
11756,-272.1555783302595
11757,-194.59799834756788
11758,-250.40802772340842
11759,-234.09104080789862
11760,-193.64020274788302
11761,-245.7505438946034
11762,-235.77591021844842
11763,-239.6576775833877
11764,-178.99078426277782
11765,-273.7207602501867
11766,-235.50441004447168
11767,-240.7085020154781
11768,-240.98994448401032
11769,-239.34152227397374
11770,-257.3812166958453
11771,-274.9544717385762
11772,-248.09614815492947
11773,-248.48857594586514
11774,-229.4441967369577
11775,-280.2184394034359
11776,-204.19471388529058
11777,-216.7304999223091
11778,-219.7973602330183
11779,-77.86667719679654
11780,-202.30942130432962
11781,-230.98047422610134
11782,-134.55477161784697
11783,-219.88714924001837
11784,-171.48925164708464
11785,-195.2955484767315
11786,-78.51191652565392
11787,-209.2033476986801
11788,-253.09656339445425
11789,-34.706758044933075
11790,-33.99833098729527
11791,-328.81223732558794
11792,-7.985218815686847
11793,-52.79609132671857
11794,-177.69416303428852
11795,-282.0316648182195
11796,-213.69415222720352
11797,-187.94706760456023
11798,-64.10879725597819
11799,-205.7492628709009
11800,-165.2356139593472
11801,-65.84992846795916
11802,-270.1131594800196
11803,-283.1307810510208
11804,-236.92398134525632
11805,-212.56360303137362
11806,-400.5242304651464
11807,-227.78073829499567
11808,-167.7439148511018
11809,-129.44551252860322
11810,3.93783390272689
11811,-49.306979601608376
11812,-233.08686350384946
11813,-274.8148871231568
11814,-74.80316265644365
11815,-173.22060161287305
11816,-237.63657914259505
11817,-117.88002302896102
11818,-454.7765808214655
11819,-77.41959947998987
11820,-232.04508028651188
11821,-194.813956149077
11822,-402.29079149946836
11823,-238.7356285399327
11824,-238.6955681913787
11825,-288.13688200785884
11826,-75.97067226351544
11827,-204.07755157182123
11828,-189.64056178470818
11829,-219.89940548816787
11830,-948.0686881294548
11831,-290.9272425907957
11832,-324.5859087151624
11833,-698.3810621372885
11834,-116.0249514097222
11835,-531.9350613656216
11836,-217.1748510554868
11837,-125.59828737605677
11838,-369.3731141250241
11839,-155.62551195180143
11840,-52.30082613320918
11841,-509.0496167496867
11842,-84.0145749174802
11843,-566.0720887018886
11844,-14.223943097795878
11845,-183.7620658672614
11846,-193.839960750062
11847,-355.30225823503577
11848,-201.27076670643598
11849,-326.4721252027874
11850,-298.5232597724208
11851,-551.0571236943576
11852,-418.90898151009117
11853,-150.8506538692054
11854,-446.911692212032
11855,-179.715297683494
11856,-189.58604610949484
11857,-214.7170235959701
11858,-193.90634294562335
11859,-127.78168054515177
11860,-74.82222806537332
11861,-210.93374726419063
11862,-405.198738612435
11863,-498.3073667090636
11864,-58.9927166393032
11865,-119.86442883077574
11866,-303.85893980991125
11867,-178.52642587966068
11868,-292.4155402277215
11869,-460.13115501186394
11870,-54.763417799709515
11871,-360.88733686028576
11872,-272.31961911254564
11873,-88.41142452680499
11874,-186.80380277317664
11875,-395.67756392774226
11876,-285.7459250025455
11877,-405.76019564186475
11878,-298.4567964184889
11879,-213.01165272464823
11880,-1297.3813378692375
11881,-266.51169047603236
11882,-195.42380671169497
11883,-255.95233768222843
11884,-195.25483696910783
11885,-467.3135167002443
11886,-605.0543839840441
11887,-648.7579625226999
11888,-191.4933639979641
11889,-78.75456421303335
11890,-640.9320736291761
11891,-23.14011980917373
11892,-185.65423457614122
11893,-201.6562157356756
11894,-247.8833754432403
11895,-62.75145726624463
11896,-537.6498953156374
11897,-20.261272612497923
11898,-142.87520277521466
11899,-80.54203575158026
11900,-73.2094515498427
11901,-85.48220524627285
11902,-49.31397997292621
11903,-358.6889190772924
11904,-96.91286126844152
11905,-329.9583187202069
11906,-452.99200977274694
11907,-129.17333563744478
11908,-1138.0003499617192
11909,-47.93325467990378
11910,-40.439361358819625
11911,-72.3270407541241
11912,-308.227501644767
11913,-87.92425668949483
11914,-380.3929274605217
11915,-819.379638125412
11916,-59.403396235930884
11917,-1558.4672813080635
11918,-72.38277872206841
11919,-119.23105752055008
11920,-525.9566491354539
11921,-626.0055663176634
11922,-244.51774325387697
11923,-132.12047161471907
11924,-330.69237591125943
11925,-147.78398150776508
11926,-257.75239306420485
11927,-448.7669924757328
11928,-581.936100232092
11929,-388.0244640610554
11930,-616.4001455909346
11931,-165.4660423088447
11932,-263.3202994637536
11933,-106.94573271284224
11934,-155.94385479360113
11935,-319.7965525414829
11936,-182.8989561385865
11937,-176.2811314831797
11938,-600.1277355865484
11939,-1203.2107631970207
11940,-1197.1238334782768
11941,-254.29582348345176
11942,-205.78630501653174
11943,-194.74534377979631
11944,-435.4974771423146
11945,-492.71975404641194
11946,-627.8542880898553
11947,-987.932789166233
11948,-78.74217829809427
11949,-265.2790114009545
11950,-255.6718355915811
11951,-112.58182131080132
11952,-286.6509332350462
11953,-1206.10481302253
11954,-296.6966308044378
11955,-236.37611975761735
11956,-73.86867817731029
11957,-152.32664685021842
11958,-299.9749582735513
11959,-74.70804753701717
11960,-86.5798127381359
11961,-207.0042187382506
11962,-199.14681547471372
11963,-89.55269509005367
11964,-282.41735698636126
11965,-104.71249653449505
11966,-114.95623728856114
11967,-246.341844883092
11968,-228.91289548477852
11969,-118.62008832822421
11970,-249.88741974794115
11971,-76.7463705598398
11972,-1668.007129302298
11973,-663.5172924886123
11974,-298.3491488078273
11975,-170.5152713703144
11976,-240.2226326429294
11977,-115.90607235947903
11978,-294.78792292017994
11979,-103.22436893142988
11980,-427.3371909412428
11981,-73.61342696692385
11982,-168.80070790943142
11983,-286.2133309350177
11984,-296.1633720938968
11985,-47.16622223979015
11986,-93.20092921519495
11987,-51.64159613104141
11988,-390.1899922662838
11989,-98.63882393460715
11990,-314.12316222719676
11991,-268.26253661199047
11992,-225.05123058215077
11993,-225.51228072631338
11994,-88.27088622310917
11995,-223.8650653243067
11996,-315.3942529389592
11997,-110.99262726381929
11998,-99.36111161828725
11999,-253.2673280316511
12000,-279.7735139889441
12001,-91.09267094129842
12002,-192.5139101597135
12003,-266.75367574602376
12004,-67.11333053609548
12005,-106.01287003183991
12006,-80.9777765009245
12007,-174.99610921742715
12008,-81.87744540851943
12009,-221.79998390721715
12010,-246.76009420848675
12011,-253.496316843623
12012,-138.69018218086444
12013,-283.6714474222013
12014,-129.8393474435272
12015,-111.24122872452797
12016,-78.69209656325542
12017,-65.65678888231194
12018,-312.7742997267414
12019,-334.67475484529217
12020,-250.46644319456652
12021,-83.91501867841825
12022,-96.23718804697859
12023,-52.97146319080608
12024,-93.29232819996948
12025,-128.95364496741198
12026,-89.85253012247377
12027,-445.9611075929421
12028,-338.0760583196592
12029,-491.76962082047515
12030,-102.37734537316841
12031,-302.03718941220535
12032,-205.51446508932082
12033,-87.16959150404071
12034,-403.01947360695846
12035,-78.24850791383516
12036,-150.08571638920577
12037,-171.7563875158716
12038,-102.44513929578792
12039,-109.01726497043897
12040,-220.41676465548858
12041,-94.85459766959362
12042,-106.34790898156349
12043,-87.66199280556424
12044,-100.37365402179263
12045,-238.05819910577924
12046,-97.02804250042283
12047,-174.44992664313975
12048,-94.06216803772347
12049,-75.8032389129772
12050,-248.4928060378651
12051,-62.454238547208355
12052,-52.15479422091126
12053,-179.37706265063343
12054,-127.0126597001399
12055,-104.53556650781839
12056,-81.74784174461323
12057,-83.73171692806174
12058,-107.66148250416083
12059,-179.48388931402306
12060,-57.55419850694367
12061,-191.81559203673064
12062,-162.40354550461373
12063,-153.41235190289132
12064,-173.07199123016665
12065,-105.36901493611174
12066,-100.6976241652077
12067,-105.89922359745992
12068,-163.01235618821173
12069,-80.34385241695347
12070,-245.4926038020537
12071,-139.81749932623455
12072,-369.0639981769527
12073,-214.2514593261449
12074,-370.24880966131593
12075,-335.9691622429125
12076,-173.70676906703562
12077,-159.78279211520436
12078,-342.00364505388296
12079,-702.0579554728539
12080,-184.21728657002478
12081,-500.54874551252817
12082,-164.330871911533
12083,-166.57029511601
12084,-187.43151388258718
12085,-178.32298394049775
12086,-227.2532535632783
12087,-364.22568247130465
12088,-226.52522635726154
12089,-182.07888559736995
12090,-110.62233818022715
12091,-182.02636903435229
12092,-107.44273804029187
12093,-108.91841529174502
12094,-111.73450461835841
12095,-106.92073017749772
12096,-54.34520974872534
12097,-110.72683566662064
12098,-113.28319970269477
12099,-124.49941128593268
12100,-224.29698919345503
12101,-537.0060486708555
12102,-208.09170453742507
12103,-116.96362405921423
12104,-103.38323440636478
12105,-654.8385264310633
12106,-98.76625675946622
12107,-726.5124395902959
12108,-300.8633729428808
12109,-493.640158787793
12110,-83.77389264065484
12111,-183.41448876415868
12112,-134.05835812752196
12113,-222.73477795013616
12114,-96.25360192111395
12115,-122.90479488774787
12116,-187.43158259132704
12117,-76.37390549053237
12118,-171.3849104929765
12119,-62.85362052035323
12120,-122.37558169922822
12121,-188.48293152012832
12122,-65.94947301468903
12123,-99.72135066424451
12124,-70.14752617651664
12125,-89.80040157550553
12126,-247.0167518543628
12127,-77.26651466910354
12128,-113.1903589900597
12129,-110.88815251324422
12130,-94.71824138148345
12131,-104.73902692899773
12132,-92.66206554608836
12133,-171.75906269851123
12134,-186.61696544327845
12135,-83.25505364929978
12136,-170.0520554158503
12137,-100.751353450855
12138,-86.82981130941909
12139,-175.78828859139676
12140,-290.5301468605214
12141,-85.04390300601321
12142,-208.20561235699006
12143,-66.61340034956162
12144,-128.06691466615885
12145,-188.50558404472017
12146,-76.60319019769697
12147,-102.51730945846812
12148,-129.85677825125484
12149,-260.8465244753798
12150,-168.07316748684502
12151,-220.58287857272322
12152,-159.58775380705484
12153,-100.81090480248525
12154,-82.82355016914883
12155,-100.64568998590947
12156,-203.5290344182198
12157,-101.81840929863269
12158,-93.59356030948751
12159,-272.62463718935845
12160,-218.87474877872808
12161,-77.29629860009896
12162,-93.92919419727798
12163,-105.68984131496177
12164,-502.517926259965
12165,-124.53907831984772
12166,-78.16693358758687
12167,-122.7792083618539
12168,-71.97835981886357
12169,-99.01477474483376
12170,-397.5202908892329
12171,-114.84812938865585
12172,-1720.675554094419
12173,-327.0448303206572
12174,-401.8562814482609
12175,-208.3805798334866
12176,-180.98681959977213
12177,-211.03609720500685
12178,-662.5005337413834
12179,-307.875863615527
12180,-620.9569411096375
12181,29.124361338650573
12182,-19.39113377234112
12183,-261.3727482236783
12184,-305.9063907186187
12185,-273.9373994622804
12186,-120.27383104540141
12187,-211.94886074059173
12188,-283.28191886934565
12189,-285.0258630238137
12190,-76.51159626942476
12191,-111.29017960105483
12192,-178.9766049508682
12193,-260.15055315795973
12194,-275.20343273819833
12195,-180.00594344150426
12196,-86.60214524713561
12197,-339.1953856461014
12198,-209.3968951648128
12199,-230.96710983903225
12200,-274.0415817384592
12201,-80.42808084653039
12202,-29.652025014593633
12203,-91.7528291182386
12204,-213.80944987586383
12205,-204.3536239578708
12206,-276.83608927553223
12207,-224.6739620059932
12208,-344.5804980444676
12209,-397.7106508187248
12210,-44.22928914096353
12211,-108.32229990841307
12212,-93.04386178964863
12213,-186.45919245272256
12214,-303.7202811877623
12215,-273.13259327818497
12216,-343.2539574796145
12217,-360.4861689990212
12218,-263.97326105220384
12219,-166.08524990107765
12220,-70.7248405292022
12221,-110.56733985704665
12222,-101.421408795043
12223,-172.67936970122224
12224,-111.68308722375345
12225,-116.98811801277392
12226,-107.91001631578345
12227,-104.26360198069204
12228,-80.50146731822238
12229,-247.3075973107491
12230,-180.3388670808397
12231,-140.94706357744587
12232,-161.95699352269233
12233,-127.14883659121175
12234,-94.33175030477817
12235,-201.5161029119139
12236,-78.2904249065487
12237,-175.21456707623727
12238,-687.4145891433642
12239,-62.15973595080251
12240,-100.9254069491661
12241,-56.69777975425343
12242,-405.37043060407234
12243,-152.96809746380413
12244,-111.38175408150114
12245,-120.45328070308577
12246,-127.51373676917821
12247,-228.12032310127407
12248,-147.80105285396746
12249,-391.83824325866476
12250,-84.58674060314183
12251,-140.01737329132516
12252,-145.9597512850043
12253,-934.8809714422251
12254,-210.87792017358996
12255,-240.08084641323865
12256,-125.41866113682094
12257,-120.43808823463158
12258,-101.73121809810559
12259,-105.90320603337992
12260,-75.43409682554727
12261,-441.5100382780535
12262,-111.19687990871421
12263,-124.45808535563452
12264,-94.5530361584242
12265,-115.00876659214487
12266,-167.2838371988119
12267,-116.23018805975327
12268,-99.78175637419108
12269,-125.9407744502836
12270,-22.334604317424592
12271,-153.04348659594544
12272,-103.53199449276076
12273,-88.87246373924975
12274,-185.74523760776668
12275,-175.06769694011243
12276,-87.60357284102606
12277,-172.26062268207787
12278,-97.04487727032115
12279,-84.71526782543802
12280,-23.305802127813564
12281,-66.86420733377444
12282,-84.69280560134904
12283,-116.11294135617679
12284,-91.14820351227381
12285,199.61830443282219
12286,-22.13080443518712
12287,-51.54847246220216
12288,-43.210943799786676
12289,-97.62455924063117
12290,-35.770666049004475
12291,-106.26414939086659
12292,-59.542041323526774
12293,-418.87733226599426
12294,-28.936350400140043
12295,-45.24557689554431
12296,-52.80433470340111
12297,-85.37096347093211
12298,-39.98765722250851
12299,-82.19857511068717
12300,-70.22467762914174
12301,-70.79191855698893
12302,-79.25813456114497
12303,-15.485310824842106
12304,-54.87679017271235
12305,-38.79257726213559
12306,-61.520626365670765
12307,-75.60547464813139
12308,-41.190976428993565
12309,-54.88729501017411
12310,-40.42260481462489
12311,-65.458097691256
12312,-75.79472304979116
12313,-114.33874786232467
12314,-64.89480890424306
12315,-82.97492236783654
12316,-85.69037498409574
12317,-598.970857651811
12318,-63.0298698391459
12319,-66.00102097519719
12320,-81.15384325340122
12321,-39.43103153781023
12322,-40.654958747396506
12323,-62.849448844100905
12324,-52.28805799216302
12325,-30.55847813429151
12326,-68.24429945220876
12327,-20.618825164044548
12328,-21.088989206807298
12329,-118.87608417654012
12330,-11.113834208692376
12331,-39.117811554019454
12332,-39.66975121067176
12333,5.949177501384217
12334,-76.75031268645317
12335,-43.85301164228418
12336,-13.270124557664777
12337,-82.81646846098724
12338,-84.45264696122064
12339,-109.97687577092556
12340,-61.0511891277909
12341,-99.97753816745356
12342,-42.57500043239907
12343,-19.81643329054413
12344,-47.92229989128296
12345,-48.92999599499892
12346,-8.87267342596224
12347,-45.39888322642848
12348,-59.201827585995304
12349,-30.90943962561538
12350,-85.25228524787377
12351,0.9353999246873665
12352,-9.035349728114786
12353,-55.075325894450174
12354,-56.96349294327188
12355,-33.023454078499825
12356,-51.34424836069966
12357,-417.19068652918753
12358,-38.71727187604618
12359,-6.626329887157468
12360,-59.34535379898367
12361,-9.76503274046643
12362,-46.99980046781502
12363,-4.545285593957276
12364,-29.874387577649962
12365,-57.09489404108245
12366,-24.376569561482725
12367,-14.029519590812871
12368,-53.79757768783946
12369,-94.15789483239973
12370,-21.74715056804927
12371,-61.7023578055102
12372,-43.396088287401994
12373,-53.21604910637037
12374,-32.24008255216717
12375,-0.08969351450492136
12376,-80.2247605626035
12377,-142.50468788444485
12378,-217.30168051126748
12379,-377.99137198230113
12380,-255.84692420912438
12381,-208.7015981456044
12382,-23.2161930797482
12383,25.732632206530084
12384,54.70983642158379
12385,-206.73096657264654
12386,-77.63118377745427
12387,-62.40740384954738
12388,-97.85847325043653
12389,65.96921175474
12390,-79.25522866277238
12391,-113.81601426114987
12392,-137.2016669938996
12393,-50.28453899547741
12394,-93.75341291845095
12395,-25.750677738686917
12396,-133.24301255015067
12397,-108.07690246866414
12398,-125.53862452219538
12399,-89.17607531916138
12400,-139.48343969666132
12401,-149.07334668999417
12402,-143.38925634846404
12403,-102.63722096928001
12404,-97.86251294646647
12405,-38.300592932539814
12406,-219.26393408790048
12407,-118.01707250928486
12408,-98.58447847074551
12409,109.79173965900814
12410,-63.31593961898442
12411,-68.25039536911781
12412,-84.16982747899408
12413,1.6851587204728562
12414,-90.00018847103118
12415,-95.7924146034282
12416,-0.4795929020730889
12417,-113.42639649579941
12418,-125.07191409824087
12419,-126.7079384134429
12420,-154.3931166371853
12421,-128.17690347564167
12422,-124.77835640815681
12423,-94.42645695951501
12424,-126.17195598194776
12425,-57.481554725380725
12426,-213.07860446971915
12427,-435.38904687008136
12428,-94.79615116338181
12429,-112.25686490599588
12430,-100.44215590365701
12431,-26.718140971571632
12432,-100.96362426486725
12433,-101.4448281334581
12434,-147.52558449765982
12435,-354.59866715050913
12436,14.238926533106149
12437,-150.0550665398265
12438,-102.20779271325159
12439,-91.5520857658814
12440,-105.1729847541984
12441,-109.37773930538661
12442,-37.01140871730959
12443,-25.668330129422937
12444,-3.723377711910085
12445,-23.466041476714615
12446,-115.58060797256529
12447,-138.13537676638734
12448,-211.59513367607144
12449,-178.92829913911442
12450,-139.07438537077718
12451,-93.26802477169107
12452,-249.40342833402792
12453,-107.45860847748516
12454,-54.70804206664249
12455,-89.32928243963173
12456,-30.741005794973887
12457,-245.91850852983913
12458,-88.39349021182821
12459,-18.954752967226305
12460,-108.77088088828415
12461,-312.2075533955291
12462,-429.645695129552
12463,-387.4587093077392
12464,-92.6062776824155
12465,-457.7424812554922
12466,-204.41695061548688
12467,-44.361624025963835
12468,-229.84239199803156
12469,-132.3733136622655
12470,-154.78055652352833
12471,-126.29083524972937
12472,-133.1822756416895
12473,-21.278382360028743
12474,-78.6506349788325
12475,-169.87181556009975
12476,30.108674634323762
12477,-108.9106766261644
12478,-120.86365174322196
12479,-512.6678697380078
12480,-352.70884683052765
12481,-144.98480987203726
12482,-65.42789073053999
12483,-115.43630739046813
12484,-81.87268067486696
12485,-71.04867054752073
12486,-37.33754073948904
12487,-127.25896267405652
12488,-173.56880888699726
12489,-315.9082537252833
12490,-200.6304636496364
12491,-192.40751276955393
12492,-210.54626442209886
12493,-115.0564374712861
12494,-133.5627649873273
12495,-40.211790154213006
12496,-284.862491280272
12497,-106.81111413995401
12498,-126.90557979049227
12499,-223.62322810993567
12500,-150.86855596497543
12501,-259.085088945764
12502,-157.26160372081858
12503,-285.2710060067861
12504,-201.4065523230257
12505,-164.05397840079422
12506,-139.4614934483791
12507,-161.38053516960653
12508,-362.4981300120321
12509,-327.4216463159291
12510,-351.4210191547994
12511,-104.03846813974486
12512,-141.49473478855
12513,-141.01055013864044
12514,-130.91208580677528
12515,-487.01519865135884
12516,-75.73610566382625
12517,-535.847884042279
12518,-81.30066798022324
12519,-41.370444053334985
12520,-331.79705685104113
12521,-88.21277761707698
12522,-83.40480174891374
12523,-407.21071236657855
12524,-239.4245504737594
12525,-132.56411631701735
12526,-66.96123069396785
12527,-101.07801532823316
12528,-54.979892361949915
12529,-165.19202569746017
12530,-91.27235004299664
12531,-64.13276973852825
12532,-169.19924534536398
12533,-97.81585091095403
12534,-335.90340194279975
12535,-152.75258635785752
12536,-344.5061726015311
12537,-69.70170908934281
12538,-82.75271381836508
12539,-148.71986905778402
12540,-155.74983008851748
12541,-309.7085338425276
12542,-187.73945350561792
12543,-97.46103717103829
12544,-125.33192927117655
12545,-45.654580534947875
12546,-107.07050275438623
12547,-203.56618966426868
12548,-116.87351837649399
12549,-215.68984918675395
12550,-149.12568362386844
12551,-130.31940693932046
12552,-68.74875223075809
12553,-217.65997660793283
12554,-108.02412721900811
12555,-163.9169931700765
12556,-160.22103873036977
12557,-290.40465361140957
12558,-122.17782125848852
12559,-156.80291502569722
12560,-180.86277271354555
12561,-184.5943631599718
12562,-126.44883616469816
12563,-169.47604226431739
12564,-102.26959710235525
12565,-9.009110610090772
12566,-41.96576826916275
12567,-177.88289453772433
12568,-113.90661949752733
12569,-142.05701775661805
12570,-180.73241528109378
12571,-183.972012657005
12572,-72.43648209806723
12573,-92.86146715461469
12574,-114.94516726663645
12575,-64.84376109678871
12576,-97.07584449981893
12577,-41.7079248692949
12578,-230.6563111228167
12579,-95.9343745903767
12580,-125.04131267448892
12581,-162.70599694663753
12582,-115.61924697596902
12583,-79.14800517590605
12584,-55.33768796152529
12585,-45.98335079903757
12586,1.0285309627778219
12587,-188.09766899276858
12588,-75.84034792627344
12589,-88.15192819335904
12590,-48.63008425709302
12591,-76.36285310674447
12592,-80.04960747539181
12593,-68.89264004734683
12594,-37.26854742659751
12595,-19.414051409715796
12596,-46.756708197101794
12597,-114.08705974556155
12598,-44.65261492180104
12599,-19.416409968601602
12600,-87.7842289711636
12601,-65.0455286612181
12602,-221.04055952958126
12603,-116.92663761479135
12604,-70.2261658450859
12605,78.83917592100251
12606,-44.67623735124978
12607,-389.8109976023958
12608,-22.382139871939557
12609,-253.12432651730657
12610,-135.1776954654688
12611,-78.45274378069053
12612,-63.20050829884184
12613,-52.43225058882644
12614,-22.428815496614963
12615,-61.02490877151217
12616,-140.65377530226354
12617,-77.39281163646993
12618,-45.10814176324087
12619,-17.4041377976787
12620,-33.146249274443576
12621,-63.881113593662
12622,-171.79853209846902
12623,-40.830046991541394
12624,-69.93781434261436
12625,-52.71874676066473
12626,-70.93715605885535
12627,-24.07781664482623
12628,-7.1265681872741915
12629,2.1636849245710974
12630,-90.83693852094414
12631,-83.34794890790448
12632,-27.46263673683324
12633,-65.21807253844442
12634,-9.693377362366919
12635,-40.751384531830354
12636,-0.009639955311042447
12637,43.33586379288329
12638,-74.77425342330903
12639,-80.86284855136161
12640,-71.43100887739678
12641,-32.92481582530514
12642,-83.69763452082292
12643,-62.32718644641299
12644,-14.626413088468862
12645,-19.492806098860115
12646,-28.465548493249095
12647,-20.6681577622842
12648,-17.701619090582668
12649,-48.06168957225315
12650,-57.353019630086784
12651,-8.226045796828659
12652,-2.675681284286398
12653,-38.565760664386225
12654,-35.15073545115483
12655,-33.57554332264862
12656,-48.44531374576282
12657,-45.66686072601981
12658,-52.118565535372035
12659,-81.62778036969272
12660,-62.09421569031157
12661,-45.93485046889296
12662,-21.37064436695009
12663,-62.64921864257408
12664,-82.32401390205463
12665,-28.8107483474801
12666,-77.80347981459968
12667,-85.50731540741444
12668,-94.69243997497564
12669,-48.2114441640516
12670,-211.9090690350834
12671,55.19224215141557
12672,-42.00729204956558
12673,-41.01054623389646
12674,-62.99218676795323
12675,-50.871035622378834
12676,-172.72711243439392
12677,-46.143363018709586
12678,-138.57984095853703
12679,-20.836715377515052
12680,-40.21700177251519
12681,-43.83954018831375
12682,-42.48717642398058
12683,-35.88495311765067
12684,-202.2973084867901
12685,-64.4143914678438
12686,-68.5519702114827
12687,-146.48220751567382
12688,-101.60059398579492
12689,-95.12217486218972
12690,-135.02690814489455
12691,-27.2354213392056
12692,-101.34303821207413
12693,-161.58777127203632
12694,-10.780350390194855
12695,-210.0080110052965
12696,-82.59290314842626
12697,-101.85524508440268
12698,-83.27403222857
12699,-95.86266683972043
12700,-57.72482161349153
12701,-126.5527902581356
12702,-155.31964924046915
12703,-79.94082008395762
12704,-61.964192602888645
12705,-148.19229051355165
12706,-44.84876272675746
12707,-116.42333722256848
12708,-66.2561652447805
12709,-33.21082439596081
12710,-28.89287324296734
12711,-122.8457457374676
12712,-154.36528692660505
12713,-273.01963316749215
12714,-185.4425855335777
12715,-60.4906606356207
12716,-126.98980974265126
12717,-305.1595733543805
12718,-109.75665249971152
12719,-155.11307623407245
12720,-217.1195696442827
12721,-227.81655283923135
12722,-108.04403778595918
12723,-133.91159216058907
12724,-230.802600512545
12725,-213.59477488776997
12726,-264.4077794095323
12727,-34.82225260566608
12728,-187.80281636127688
12729,-228.36597677502786
12730,-199.9759099497957
12731,-75.51187505190195
12732,-141.09935135762274
12733,-89.93596874241906
12734,-119.8591359775913
12735,-131.4010418995188
12736,-223.37072010288472
12737,-86.93946990816474
12738,-143.10579384512232
12739,-341.8050479618354
12740,-189.48779104981145
12741,-156.30497541415212
12742,-206.71380398678298
12743,-189.7018486292511
12744,-187.26505828585164
12745,-126.77444107937085
12746,-186.1119150077254
12747,-199.73180117629488
12748,-237.41651194883505
12749,-200.33473142932698
12750,-157.51853363459975
12751,-22.93404952852326
12752,-173.240099458882
12753,-189.6572600110681
12754,-90.71969813982089
12755,165.51445303462305
12756,142.24734752831844
12757,-201.00537711028136
12758,-151.61100718214036
12759,-364.71736297051314
12760,-66.71508570732357
12761,-80.89058884864946
12762,-26.257962925711496
12763,-36.533091861171286
12764,-67.04613075380041
12765,-146.77529937555184
12766,-107.33627754813892
12767,-150.98671862848633
12768,-246.52316571473557
12769,204.02292013262814
12770,-77.10124872267299
12771,-102.40301364954108
12772,-249.48599047623105
12773,-218.0872901114608
12774,-146.00410784370993
12775,-165.18614900806998
12776,-22.302750093426567
12777,-191.60496959577046
12778,-197.43439446969415
12779,-160.92582912377418
12780,-91.47890917945101
12781,-334.1091642819447
12782,-88.26340486462593
12783,-124.57848163205381
12784,-144.89415676578088
12785,-119.52149819674543
12786,-203.64311737462623
12787,-188.6009306756244
12788,-81.60579482558653
12789,-104.64035067605782
12790,-228.8186355243218
12791,-118.24589516545196
12792,-232.53956191345074
12793,-112.99530900631086
12794,-184.64463304045472
12795,-80.25419530551098
12796,-147.66569147163347
12797,-169.5386895016146
12798,-407.0348288412397
12799,-91.90679912618734
12800,-5.944311649584054
12801,-34.36313736256014
12802,-259.7291381371075
12803,-457.57667517616875
12804,-186.26736009363148
12805,-60.34397187611273
12806,-376.7492626399694
12807,-94.23387670702489
12808,-163.02578084839885
12809,-257.6219860302858
12810,-73.32277793123617
12811,-19.13215326113543
12812,-131.20330447654328
12813,-100.71803596727533
12814,-226.1930249761703
12815,-159.90181262924773
12816,-259.1931984496239
12817,-264.73227908172294
12818,-405.16268176747786
12819,-600.1107097207976
12820,-188.96203488995877
12821,-119.89331720130495
12822,-351.32686195646306
12823,-390.7091030032797
12824,-672.1571960456664
12825,-309.85430604917144
12826,-211.07902961825312
12827,-325.1938428586925
12828,-315.41759550222673
12829,-66.44943129222818
12830,-140.82891417169853
12831,-308.1035563815316
12832,-253.3727276493615
12833,-165.98987227066652
12834,-172.65470413753246
12835,-225.78230774649404
12836,-262.5573684928312
12837,-358.40656214383074
12838,-51.177306775096135
12839,-576.7248380179628
12840,-153.84191544349665
12841,-110.5269822699664
12842,-208.90995803987033
12843,-106.35825304830725
12844,-375.3707037525743
12845,-329.3210131220367
12846,-219.51852884270053
12847,-134.02127506376857
12848,-279.7711748275522
12849,-256.8982332426306
12850,-346.7582198146602
12851,-170.42725711713845
12852,-218.24606626552247
12853,-288.9039770948219
12854,-193.18836631581445
12855,-115.10919216808321
12856,-532.6578750982928
12857,-863.5213761781275
12858,-364.6948766837385
12859,-334.2820831903532
12860,-358.8343535933042
12861,-351.01328471633246
12862,-361.87522361947384
12863,-356.76678051137253
12864,-401.5896216492906
12865,-374.2466821064135
12866,-332.29379072995505
12867,-448.1496954446341
12868,-193.1159797576019
12869,-205.61263059968033
12870,-181.53201097240736
12871,-388.38548151362244
12872,-37.67262888805923
12873,-206.8703906172618
12874,-82.80083839214582
12875,-240.26879748867808
12876,-516.4524948815261
12877,-62.550787062057225
12878,-135.21854248040873
12879,-307.46081446681694
12880,-263.18164719567187
12881,-378.88818924009695
12882,-246.40396636472275
12883,-257.48983270831394
12884,-528.4056333068233
12885,-330.3979537937574
12886,-425.54442631463127
12887,-382.0562554713625
12888,-276.0957019078488
12889,-265.4958695916274
12890,-267.8398780544354
12891,-50.980674035966196
12892,-232.1791085577081
12893,-229.1484724089447
12894,-338.860500267159
12895,-163.48256666242105
12896,-236.86781295102062
12897,-222.10820008925813
12898,-183.6519557133571
12899,-238.9914184807664
12900,-220.82334542309786
12901,-242.564757069419
12902,-223.67450939282674
12903,-277.3340359955487
12904,-294.41109372733445
12905,-321.9301579203359
12906,-379.20694787574075
12907,-129.76845886581856
12908,-327.87442977366464
12909,-175.83652635184643
12910,-367.8595349758025
12911,-345.88367146706776
12912,-316.17248114433755
12913,-450.55536967319114
12914,-357.34679191383026
12915,-308.7397505867656
12916,-358.5607231125995
12917,-506.13772357897676
12918,-352.21401520085226
12919,-168.29098101588997
12920,-343.4775074908017
12921,-342.1838239477491
12922,-33.25455653007536
12923,-279.15750157377204
12924,-286.56600920508174
12925,-329.0909689315423
12926,-378.2940848184698
12927,-347.42302847026315
12928,-317.3074621754324
12929,-287.7417333113714
12930,-370.92981734533055
12931,-295.28883413348683
12932,-252.97448580226293
12933,-409.7935252680227
12934,-397.88821321719604
12935,-209.0485744192506
12936,-341.0320314939862
12937,-355.0090463049344
12938,-304.11898009947515
12939,-308.2883719711623
12940,-392.138617183925
12941,-370.5214376234829
12942,-327.70999971998776
12943,-209.02252626448535
12944,-357.6077863553799
12945,-341.2458396010773
12946,-78.9957501605486
12947,-254.7251275335938
12948,-277.4190125208155
12949,-396.4629395306237
12950,-286.36930941553175
12951,-75.33318664893501
12952,-250.202483780836
12953,-247.84243890715283
12954,-222.87141982523127
12955,-119.44451808665931
12956,-33.552627216399166
12957,-313.9291416076288
12958,-299.27949994807716
12959,-338.71095323538754
12960,-347.3499749219031
12961,-229.06180229500526
12962,-115.24886900047002
12963,-83.84643913296729
12964,-344.6057187698407
12965,-91.39495062030474
12966,-285.5712577561733
12967,-229.3286995377524
12968,-311.8699806210568
12969,-417.85607454966777
12970,-244.8065159920767
12971,-347.70038171253134
12972,-316.62138578781776
12973,-318.8358834375973
12974,-18.723973750612924
12975,-85.08889733740145
12976,-327.8204652328435
12977,-217.74392686198507
12978,-105.82571496023189
12979,-372.79232382419445
12980,-238.05671311022184
12981,-304.77929585797676
12982,-231.6029774584739
12983,-91.04768696778068
12984,-301.50485599317847
12985,-349.4950212002667
12986,-284.67714074246237
12987,-261.0075414549116
12988,-41.34363057236505
12989,-264.5747264590489
12990,-282.70843401056914
12991,-253.41391493341231
12992,-248.3593202824722
12993,-261.3100018399274
12994,-349.94686260618545
12995,-234.86053627873076
12996,-226.3143622350857
12997,-258.2986568076593
12998,-235.81029681235265
12999,-276.6944296643221
13000,-279.8392537694465
13001,-243.51975884048306
13002,-375.53163277677623
13003,-208.77119500715304
13004,-241.30402160097918
13005,-284.92926140200825
13006,-85.3591747486749
13007,-230.30203092964615
13008,-317.3464227820497
13009,-89.64907419022653
13010,-276.9743696612325
13011,-281.17533239511886
13012,-73.99505498237863
13013,-204.6672971044972
13014,-268.2581281228841
13015,-236.29780581576046
13016,-80.54173521234716
13017,-286.5347221576331
13018,-281.61115586566893
13019,-274.42079204045234
13020,-265.3230379516119
13021,-60.62727352941429
13022,-75.25141903559796
13023,-236.2802120364298
13024,-268.9857352602652
13025,-271.1986835705656
13026,-224.8214859649401
13027,-72.29938004504305
13028,-185.78359392450045
13029,-205.38348753457194
13030,-268.93862327697775
13031,-59.67600889514895
13032,-82.233127005935
13033,-77.84116113703136
13034,-73.1160231876439
13035,-187.78773615455017
13036,-91.95027125991041
13037,-75.56921472642641
13038,-63.323480284283875
13039,-235.5654009649563
13040,-245.31431711300786
13041,-11.981341425239949
13042,-31.0676353352792
13043,-70.22112006476938
13044,-215.94433091494415
13045,-65.98730741118005
13046,-55.56759944920784
13047,-59.37188751405038
13048,-238.24204154287486
13049,-19.328549709810567
13050,-245.17518257455245
13051,-204.6410115251847
13052,-220.1983610599188
13053,-13.943726425497873
13054,-27.07342682666833
13055,-46.39261387545452
13056,-218.4537524807341
13057,-75.9072511366733
13058,-64.33853543202446
13059,-227.47004348978123
13060,-242.13013516982707
13061,-180.20341320035345
13062,-153.0447900614494
13063,-5.248871502605624
13064,-28.71838028670832
13065,-20.07201548870886
13066,-19.244918168175346
13067,18.246175054764056
13068,-49.80454748564958
13069,-237.86150318237884
13070,-47.09862742524314
13071,-54.228416079210916
13072,-215.52130378333175
13073,-212.19999288964226
13074,-164.7372769325474
13075,-228.97682986466094
13076,-32.608092523036795
13077,-60.76309749078997
13078,-188.26719338790025
13079,-136.68819110415492
13080,-59.503279117786064
13081,-27.519839676860816
13082,-452.7067888142116
13083,-189.40433736305067
13084,-361.1029606863407
13085,-374.75430835424925
13086,-94.63866692421169
13087,-185.99600010169155
13088,-124.65655529560362
13089,-36.66646427375525
13090,-117.30893138283193
13091,-134.94678483031674
13092,-289.191725799015
13093,-52.257595797000164
13094,-66.66434646220823
13095,-92.47239444279546
13096,-363.5576528871376
13097,-513.6838631594079
13098,-84.31530335256694
13099,-311.42999537389653
13100,-135.0599893538784
13101,-448.36955139178957
13102,-333.29644494704326
13103,-97.92115139224242
13104,-25.07028194160816
13105,143.36494236786783
13106,-147.530763713474
13107,-301.35601464480135
13108,-219.29705075254677
13109,-166.56004124045455
13110,213.37614194716713
13111,-161.03555153934116
13112,134.85153101254863
13113,-531.3742927543454
13114,-55.41393742556752
13115,-192.52787790467187
13116,-63.351875308992575
13117,-47.19399599684091
13118,-320.1062681165412
13119,-201.07594797630153
13120,-69.2775218345529
13121,-385.32794383199536
13122,-373.8750048866041
13123,-171.2088157156672
13124,-105.67809130249424
13125,-250.47977600997558
13126,-177.7903193141545
13127,-71.01628663287107
13128,-45.87168591031644
13129,-35.44610716831751
13130,-171.31383502308367
13131,-152.7214985729113
13132,-70.16926237023559
13133,-89.22624543116324
13134,-44.18684151888681
13135,-80.70238981141793
13136,-348.28293464689716
13137,151.93953988809955
13138,-390.46776723629625
13139,-578.2982192671535
13140,-12.506113234389716
13141,-134.340021102809
13142,-82.94421393004995
13143,-65.73407394808144
13144,-152.8446488318313
13145,-259.63489335714644
13146,-245.98237417507264
13147,-772.2043695542956
13148,-1.7532274156759229
13149,-830.5965188769638
13150,-185.90757061334835
13151,-17.753961547191025
13152,-83.61903961426657
13153,48.17091500869741
13154,-153.68086261852136
13155,-35.93097314035296
13156,-22.3207956127667
13157,-68.9374371463717
13158,7.268021847535403
13159,-612.0534215315698
13160,-51.16960905124131
13161,-301.51658250034745
13162,-24.006916879643285
13163,-550.2656772244106
13164,-25.063810187983236
13165,-43.730619692838005
13166,-148.87168362498932
13167,-52.18772601234398
13168,-300.3412840118507
13169,2.274772143143289
13170,-78.94497108889618
13171,197.08592202132576
13172,-114.15064775156928
13173,205.334548802911
13174,-233.37592413338186
13175,-270.5215385284901
13176,-87.71459429472037
13177,-257.1090331820132
13178,-64.48994503965572
13179,179.65916650967432
13180,-87.24830670651271
13181,-79.61002221635027
13182,-92.63312123378695
13183,-248.365013311172
13184,-1.8542949988459165
13185,-120.73155243246197
13186,-107.97977673156049
13187,-85.80241452213339
13188,-109.50108832869458
13189,-49.33924657742344
13190,-86.8617722446152
13191,-62.27767292563985
13192,75.4017887252153
13193,-102.35773237658374
13194,-88.58026570150535
13195,-377.66778816345413
13196,-268.3882508316401
13197,157.74599120632536
13198,-224.49880753491857
13199,160.41354369401765
13200,214.06525781260433
13201,55.17443021863755
13202,-57.39937819285001
13203,49.42028911576537
13204,-59.04869222137707
13205,164.5495500151606
13206,-104.07226333370771
13207,-389.79439169887445
13208,-38.669930154449474
13209,194.5775032815897
13210,153.80371107463725
13211,221.52913753201832
13212,-19.16822783253214
13213,218.06840827288872
13214,-3.168258118947122
13215,-66.19120714199903
13216,-161.84427691664
13217,183.53061213599128
13218,161.2985410575557
13219,-11.58403545341244
13220,56.3844374750238
13221,199.0561553689258
13222,-46.5728125018415
13223,181.78931397540185
13224,-43.68201094807965
13225,-39.33813259354669
13226,7.772812524511693
13227,67.45501799982777
13228,-323.40545430489044
13229,-194.8888310540656
13230,191.28496101298663
13231,-64.63627023706145
13232,186.81467878643736
13233,73.26543937877499
13234,-69.94829839000644
13235,-45.07234529486425
13236,-74.29968911320147
13237,196.67320070690732
13238,90.1191700597067
13239,196.87801044575366
13240,-106.08518124871158
13241,211.06208909215923
13242,-10.574506054205827
13243,163.08711354215436
13244,-115.18060846490246
13245,-78.11788661766258
13246,-7.694600767153062
13247,181.91835746520906
13248,-55.69414530946615
13249,149.1023090278459
13250,-22.86006107554465
13251,190.47280899036554
13252,149.28245010861923
13253,-57.899741422525096
13254,264.3494328145574
13255,193.61235027888318
13256,-75.22040441403541
13257,-11.424456604073612
13258,250.03219354427
13259,181.83358494427432
13260,215.56373985642443
13261,-26.461474483108432
13262,230.44759788855467
13263,-95.44306104077792
13264,20.88709264374687
13265,-35.57007032644729
13266,4.625657022621169
13267,232.0121598713218
13268,201.91001287652148
13269,202.9667871904875
13270,-17.817375241435627
13271,135.88652273898984
13272,198.74547090774573
13273,-24.020699968521825
13274,-233.9579308792881
13275,-161.30961492582168
13276,140.59708675303418
13277,160.1312019138335
13278,169.92135243155204
13279,136.5897300601352
13280,-47.91373070914684
13281,193.36088403050363
13282,171.11848552403177
13283,254.5353938258201
13284,-232.3339698812972
13285,-53.47455008714057
13286,-41.974411028946506
13287,-262.33550244076866
13288,-302.18534992241234
13289,-71.7291292751241
13290,-21.966969219598653
13291,220.41992128728674
13292,-33.420327078777945
13293,181.40385918543774
13294,-44.702224389030945
13295,204.1285883473726
13296,178.91327505812575
13297,-289.3314792608042
13298,-357.80744463389925
13299,246.14367636446877
13300,-276.6839923255131
13301,-262.38800008904997
13302,222.02936423858785
13303,-225.8285104819925
13304,-35.930243277215496
13305,-263.08399430125473
13306,176.1703750156214
13307,139.04402895508275
13308,258.739921330843
13309,-103.22276836265107
13310,164.75576853294405
13311,183.86864973851556
13312,-326.0844675526852
13313,-85.26732854679429
13314,148.1936087395166
13315,110.40897879331271
13316,124.06461848304842
13317,197.03265435869295
13318,218.04268570218034
13319,218.94108827894283
13320,-305.86875457910395
13321,152.84239709491146
13322,210.193067364956
13323,163.70826906529004
13324,-280.7194156393459
13325,-81.12922247686616
13326,69.81359880311567
13327,-69.03943242524078
13328,-190.02803495001086
13329,38.266915754832056
13330,47.65149732487035
13331,-0.07952648539224771
13332,-326.19501581712836
13333,-22.298916151971095
13334,87.88187440199151
13335,184.05034258607745
13336,47.088372255785345
13337,238.292582347498
13338,130.99020574824553
13339,168.81799348999027
13340,-61.61418191621864
13341,26.94422280133121
13342,140.15092031564512
13343,-64.22792371310277
13344,-369.054486435408
13345,-121.08002700075407
13346,-67.8021653323492
13347,-28.32959843407559
13348,-50.93574373597219
13349,-31.24294480064485
13350,6.93070597419995
13351,-68.30740582551192
13352,-50.884037180185814
13353,66.06357138931239
13354,-19.23391117259088
13355,-35.50817618850209
13356,-0.6814435147632145
13357,-4.885825445481215
13358,-42.71076467630277
13359,85.08082443272195
13360,0.9473253747225812
13361,161.90989019607235
13362,-64.64554946543763
13363,137.63109995851056
13364,-102.20449064704268
13365,206.81547178820128
13366,200.8851886477987
13367,136.3727343516289
13368,-27.42853657307532
13369,-107.32954269535658
13370,123.8634978818252
13371,201.5498276462494
13372,26.504600571764783
13373,213.8835144993768
13374,-34.27343151796195
13375,194.50460524605367
13376,-262.44281804624046
13377,31.111235771005603
13378,-210.21593365172225
13379,-72.97852781556688
13380,191.3651295030768
13381,156.36818488759033
13382,216.92916425700233
13383,175.6903483630971
13384,211.941743399217
13385,215.87322675815204
13386,216.29231180707367
13387,174.61014978726638
13388,-176.10089471356363
13389,-168.11531784367457
13390,242.62426825094923
13391,-179.8321521575703
13392,-99.52867965726851
13393,183.98854693042466
13394,187.48796984869924
13395,-260.9607828541971
13396,174.94292000275885
13397,141.4762543836993
13398,200.49323319072764
13399,205.08309511527523
13400,220.99412550089994
13401,172.7436394219541
13402,-79.3075177223446
13403,122.69352407714253
13404,197.30582853005538
13405,125.3082609047421
13406,-69.17185233098901
13407,122.84930996038074
13408,-134.15059130025884
13409,-9.742294801024144
13410,-88.05463414745942
13411,119.96516185912067
13412,-113.04719571898289
13413,-62.26950323028403
13414,32.63944501410403
13415,-281.37209188110654
13416,-65.12712750668726
13417,-109.09742416102449
13418,-95.5183550307856
13419,-105.42231724166021
13420,43.38107285127928
13421,209.82383263491823
13422,-111.38830287353662
13423,-384.15939061913593
13424,-147.4042419906037
13425,-164.89996497520139
13426,-119.27108833360163
13427,-105.43106299166541
13428,-167.8882107874951
13429,-171.66610721157437
13430,-113.98853919046589
13431,-140.37218330770224
13432,-100.22290612340507
13433,-38.36795242928144
13434,-169.34962995976036
13435,-53.145742014682625
13436,-111.49293282395566
13437,-67.21839141853546
13438,-91.53179944649396
13439,-90.65494340066219
13440,-57.76875790037995
13441,-100.64663034219382
13442,-107.6810895918348
13443,-138.5793758252645
13444,-81.45693294823371
13445,175.84979810924062
13446,-207.22055767085368
13447,111.95422412399219
13448,-122.29546084004033
13449,-192.50356851646654
13450,-101.6413107830091
13451,-119.20563430913607
13452,-99.33018043846457
13453,46.64372117742814
13454,-100.13895710776164
13455,-138.0867169687757
13456,167.01011424039282
13457,46.68428590671458
13458,-144.38157877753346
13459,-186.15790511337104
13460,-208.97457589094984
13461,180.21092359720308
13462,6.376926869676315
13463,9.716053687678652
13464,145.21020473227065
13465,-104.59885196245055
13466,-340.64377796726956
13467,-134.41026581437018
13468,-69.15982482787179
13469,125.85445512322102
13470,-103.9075772348792
13471,-174.61032104149035
13472,-147.06612984124587
13473,-198.18783141093616
13474,-102.12466330490506
13475,-39.27560564008267
13476,-459.84256700065606
13477,199.73527014224817
13478,-367.62243659801686
13479,-18.006261711158285
13480,-112.88677134459736
13481,-86.23282122570535
13482,-210.76592805749294
13483,-3.387608773615996
13484,79.0352271475245
13485,-65.46926410928785
13486,-332.90048731934064
13487,166.0029536343364
13488,-270.75043483203183
13489,-27.359957767331057
13490,-94.70766719295867
13491,-73.18032295250553
13492,-122.09133816353797
13493,31.235130058678536
13494,144.65427337851392
13495,-123.70303982169449
13496,3.5162370179874545
13497,79.51871421271098
13498,-6.20385020607819
13499,-32.12025972493119
13500,186.40335690163323
13501,-231.7798232497754
13502,42.48204523379697
13503,-18.922208919005122
13504,-99.44019386285129
13505,36.98776340186981
13506,-88.19224083714418
13507,1.7324923964039627
13508,13.77894448056956
13509,56.793848036258574
13510,-107.0260361974347
13511,-93.71764560725893
13512,-297.3924022686547
13513,-308.96707798037846
13514,-15.371027814744185
13515,30.323599811436395
13516,49.61471583852492
13517,-378.9579774840751
13518,40.31365607295259
13519,-331.44460616537253
13520,-282.5029749527139
13521,-282.75302096359394
13522,-41.95086142175156
13523,-1.3547297090064727
13524,-14.10137140628701
13525,-259.8979685788198
13526,-96.78721005631361
13527,-89.09260278741162
13528,56.44934644774986
13529,56.983495478548924
13530,-86.59451830981794
13531,-357.36439740929444
13532,-47.03243361255392
13533,-21.15861865120431
13534,-362.47039410597114
13535,-286.35542080289474
13536,-111.09272171800069
13537,11.251332817915728
13538,-173.03114890274455
13539,-431.2576761227055
13540,48.36297157464579
13541,132.54239904533932
13542,-98.25432188852017
13543,42.83966545999099
13544,-403.9417691954166
13545,220.35369734494225
13546,168.9443040004939
13547,-222.08813664731343
13548,-281.9202632899476
13549,172.2878169507522
13550,-340.69395739449783
13551,-202.05577698618256
13552,196.55960766039743
13553,189.45173883076603
13554,223.36573308038152
13555,-28.359258411642557
13556,33.61355626997545
13557,85.63965364044569
13558,60.986087148154915
13559,232.21712463583
13560,-210.49510305820442
13561,77.70779340163023
13562,30.20356989630873
13563,-268.2967934201211
13564,-22.76900145991982
13565,-244.41694793763173
13566,-331.18350083360923
13567,-1.7239897140583054
13568,189.93744578234512
13569,-254.65613453664582
13570,130.63692314843917
13571,-307.5389635348653
13572,114.13285931587662
13573,233.87983236092305
13574,232.9974149502076
13575,-215.54130561110406
13576,-228.07643494649471
13577,-15.987547259202632
13578,140.50105653238933
13579,237.1390460666497
13580,16.08881431382874
13581,127.64456092821955
13582,161.5318691470255
13583,56.37321613920858
13584,149.83448156152525
13585,166.30095566209587
13586,-250.42536074912235
13587,163.48352040587653
13588,-267.7210244604117
13589,-347.2111584664746
13590,90.92498323805471
13591,144.43277121974143
13592,146.21530779410958
13593,-268.80072981642616
13594,-179.14753501005382
13595,147.98045710690747
13596,206.14369894569913
13597,153.2398489980307
13598,-33.1544242985001
13599,178.22769675569637
13600,116.25506620096941
13601,158.91746818662992
13602,183.64302889275302
13603,139.98617793270395
13604,-17.161039816559782
13605,-22.859201014824425
13606,115.74071174353693
13607,124.79983448924412
13608,159.18534494534416
13609,117.84176531275853
13610,176.60882009838656
13611,187.83338407920033
13612,-50.49147390346977
13613,109.77718384636458
13614,-60.894546002568575
13615,177.83211526453002
13616,231.1898396470776
13617,-22.58047658890733
13618,63.50764366772779
13619,98.90604926620091
13620,-534.42600811385
13621,52.8818616673953
13622,-56.12404614651002
13623,-41.41719807974306
13624,-78.7853988191606
13625,-74.99391743050651
13626,-53.27648507667819
13627,-24.519229109394388
13628,-66.9730110654826
13629,148.3843526575849
13630,-75.78220031493629
13631,131.06935435250693
13632,-30.21920011004827
13633,-85.0158799411648
13634,-40.36359043540469
13635,-143.50231090312525
13636,157.2939922594249
13637,-8.830451614095393
13638,241.4292028658754
13639,-31.85786383080721
13640,-60.86200748165034
13641,128.8945128856744
13642,-45.60879868730108
13643,-21.362181810213148
13644,98.53033611417837
13645,33.65710526537197
13646,32.464856250250435
13647,-41.62428931758756
13648,270.0062418639634
13649,178.39824342499557
13650,-5.221995277405272
13651,-2.568778440578523
13652,-3.7024146676032217
13653,121.82561324370485
13654,183.13694125415003
13655,18.459954210931777
13656,185.47226717596968
13657,120.01167446169927
13658,198.64440125497762
13659,163.15187633488267
13660,127.59308124449666
13661,162.49830928591922
13662,208.2891548838696
13663,150.88648272518725
13664,224.980662263932
13665,267.8586761900186
13666,39.6079367260301
13667,159.48462886446072
13668,-105.88577842103848
13669,204.77520732310157
13670,183.16783070158075
13671,-97.82410721528265
13672,19.778632452490122
13673,274.84992463915404
13674,170.38703402707773
13675,158.95176848259314
13676,236.47194868129583
13677,193.01507467108013
13678,65.39115701645521
13679,197.67384636875022
13680,208.05977636742873
13681,184.61378561216208
13682,137.81284592244202
13683,158.65312406167996
13684,174.06821793041942
13685,159.07603196149302
13686,150.90306842960882
13687,212.57118969161183
13688,245.9157221526493
13689,171.20046758510944
13690,289.0418629708871
13691,-37.42014624699491
13692,175.10747956061437
13693,282.07107588496035
13694,249.85283620229202
13695,124.98617638697831
13696,174.2579551166834
13697,302.54739552584965
13698,-63.2586974369723
13699,148.17724708308518
13700,-112.35318957072042
13701,235.59413555798847
13702,72.87236750133354
13703,191.93545776333008
13704,103.37303793327108
13705,-42.69864898060965
13706,133.78184865314395
13707,260.0030385989894
13708,-66.9721423061336
13709,180.70208023675957
13710,163.11334881829396
13711,227.02224698090419
13712,259.3803109112133
13713,148.71069670828882
13714,181.18399823107148
13715,165.4859296532547
13716,190.6234214481611
13717,229.42454361013424
13718,228.01325066395702
13719,197.4723008376743
13720,-52.43082453599587
13721,-173.34766357254836
13722,191.48857789422013
13723,-63.15766285126472
13724,-170.33327674063804
13725,187.0886686411249
13726,-35.9658721064082
13727,-93.02247894345562
13728,11.814677522561439
13729,139.99041260393014
13730,142.66185927009127
13731,209.52349432543448
13732,256.73681594561754
13733,222.62275338695432
13734,-92.18213789296286
13735,-21.677873299032
13736,230.07032159589
13737,-36.802397904849194
13738,223.0237573291179
13739,-45.518673553442696
13740,-49.315646590716945
13741,235.15642372844457
13742,184.22177505612677
13743,-273.7491890774456
13744,-47.42647889488664
13745,14.763626156081628
13746,-136.2844269443031
13747,-90.04517431592087
13748,256.5743316369586
13749,-3.440412040238911
13750,-86.65072895394394
13751,-50.11554063352082
13752,45.14436154653953
13753,231.08744266361703
13754,229.44902718227434
13755,278.76643536422966
13756,284.63862560866835
13757,253.70995675088838
13758,-99.90498964408597
13759,277.96917109559
13760,-9.78454402710851
13761,288.096867745595
13762,-64.88607502954343
13763,104.78972249925603
13764,182.6271285898614
13765,273.20748466306924
13766,-81.14024486126058
13767,245.94590818572695
13768,-218.11965708671045
13769,223.70827029250606
13770,150.9935407079194
13771,231.00944236890564
13772,-4.050501194880411
13773,297.0143226532961
13774,263.149730185449
13775,276.07369388389515
13776,-120.11495657316999
13777,197.23868252560305
13778,119.10618808503517
13779,-225.9801534014174
13780,263.80941082364706
13781,-10.011939568233572
13782,269.69583259898167
13783,241.75513236285894
13784,262.3433270174586
13785,234.09532963101356
13786,243.18706649898502
13787,-172.93825061605222
13788,201.13895962214585
13789,166.54908043190738
13790,268.88599753013364
13791,129.35941307924074
13792,203.51795314617803
13793,261.25482372293766
13794,156.36919283726175
13795,132.0993327417661
13796,293.9694038583831
13797,13.217374632231937
13798,162.99472730809958
13799,264.91125245074966
13800,280.04721065399224
13801,-110.94955944583509
13802,217.16676512335118
13803,239.2580741255738
13804,-159.79681366888605
13805,254.48355105167673
13806,-4.146971267931903
13807,166.5315141160333
13808,235.84332404840688
13809,-50.03653772171063
13810,122.39869166049867
13811,197.7244757436257
13812,243.45408778172722
13813,192.06007343000846
13814,261.9844059454995
13815,201.38233870629836
13816,247.8155773751708
13817,-126.55164243140058
13818,214.3391801972477
13819,276.32993280747905
13820,243.24683608107503
13821,-144.42471831911453
13822,-80.73406354681283
13823,16.268061221032227
13824,241.3179907723216
13825,195.2439690005691
13826,-105.71384737110438
13827,254.25576440942032
13828,164.11850939649867
13829,198.6493382175994
13830,-127.84767308714005
13831,-265.1252236910835
13832,249.0353250414963
13833,217.40930556352268
13834,263.1961375948915
13835,102.07446601950008
13836,218.574205544438
13837,245.34754635396777
13838,-34.78323739675084
13839,223.60468804147268
13840,183.64951466022194
13841,218.84791719715463
13842,232.11818642568926
13843,207.37593977157934
13844,-74.19278465258361
13845,176.5984631923795
13846,223.33325750326475
13847,-114.96089948914349
13848,274.5359353459041
13849,227.447881797036
13850,-11.067214266145214
13851,193.61741062048787
13852,215.58379014424048
13853,241.01685807534088
13854,189.76911217624271
13855,253.67713452205646
13856,268.0303204408218
13857,-158.99451874604807
13858,203.1341008857721
13859,232.06818426664302
13860,280.12893006380773
13861,240.08430142167583
13862,272.3873653121827
13863,-100.1415724365705
13864,-55.949771579364004
13865,-94.8964759531857
13866,186.15593052816251
13867,257.70974840407246
13868,279.6124566396083
13869,232.825207941635
13870,209.10557940886525
13871,248.48531235480021
13872,93.31620973486616
13873,175.22576813728625
13874,-22.209259158401537
13875,204.85890855174614
13876,234.8853398807186
13877,249.9934548603191
13878,223.60261296927092
13879,-488.0900437718939
13880,-5.07522468710998
13881,243.7590554619449
13882,139.49281174692658
13883,22.70545824517302
13884,-179.98508814382416
13885,168.07085923084796
13886,27.30936604471141
13887,201.1371287082834
13888,-140.10338120850736
13889,234.03521615059194
13890,153.50248697392237
13891,283.9258092229577
13892,232.91739910206033
13893,210.8460286337329
13894,263.47876938561035
13895,255.7393048346696
13896,247.2863082049082
13897,141.00604998135523
13898,226.30864618500786
13899,239.8872569914643
13900,279.17143819416515
13901,232.4030371012106
13902,245.83698179466813
13903,-24.725618653224707
13904,-63.73633915547917
13905,244.61009265521952
13906,96.94882246203196
13907,220.88284030543844
13908,-31.691019633568786
13909,250.1087024536611
13910,222.18366167856288
13911,253.0238262521121
13912,-59.60856464240846
13913,130.58604002947845
13914,-128.53131508618142
13915,273.6242257791399
13916,3.2611096919216322
13917,227.09191911160679
13918,270.8667207362408
13919,237.34400502228897
13920,193.128893500429
13921,259.9006500301923
13922,-142.69426696510504
13923,-9.933776498158608
13924,275.48160267586815
13925,242.7882629717532
13926,25.324720960342034
13927,243.72222767440823
13928,263.51441460703325
13929,183.5725731345605
13930,-23.723939573585806
13931,255.6345938566209
13932,51.18243809177085
13933,257.4088336231277
13934,236.03452151387444
13935,238.2797009616641
13936,22.676097561216395
13937,253.65663033593302
13938,238.845055944606
13939,248.17893425775466
13940,230.63125225108735
13941,26.355281890028877
13942,265.8805213791444
13943,273.6880016964601
13944,258.85015870305136
13945,251.76054935036953
13946,10.261743304365382
13947,241.5570043153692
13948,223.93450229626785
13949,3.39489173190087
13950,7.188229979957271
13951,246.56677027793816
13952,61.00826264356783
13953,238.98814501345748
13954,167.9344029123631
13955,213.56795761142146
13956,232.84521134662242
13957,216.83089990844158
13958,169.86785008382657
13959,256.4180638624298
13960,231.9272666854517
13961,268.92719001202374
13962,248.80664874694745
13963,208.8310009151068
13964,237.6400082299592
13965,234.71286381735723
13966,250.20646061989845
13967,226.96710990837684
13968,237.8601124953917
13969,151.94194177636535
13970,128.40694145631048
13971,258.72119021723967
13972,93.27953219317675
13973,215.26961680851963
13974,-31.054298844166823
13975,-237.25062035009307
13976,241.2841814281548
13977,187.29649992214127
13978,232.47193473827286
13979,247.99609911194474
13980,229.48850616941115
13981,27.855613607753256
13982,271.34684441748567
13983,263.95168937760366
13984,214.7725096084342
13985,235.3633044390381
13986,236.76422134140043
13987,221.79916240199717
13988,219.36803388871243
13989,230.85502668011173
13990,224.4634236866393
13991,234.45704090686985
13992,239.24889209092217
13993,220.15015751741737
13994,246.28030282553374
13995,226.38661230777745
13996,223.28274192220206
13997,240.23742341250903
13998,256.6748942137992
13999,209.31684007608206
14000,255.91645311862885
